title
test data for t6
nnode, nelem
   175     72
node,coordinate
     1                0               0 
     2                0         0.16667 
     3                0         0.33333 
     4          0.41667               0 
     5          0.41667         0.16667 
     6                0             0.5 
     7          0.41667         0.33333 
     8          0.41667             0.5 
     9                0         0.66667 
    10          0.41667         0.66667 
    11          0.83333               0 
    12                0         0.83333 
    13          0.83333         0.16667 
    14          0.83333         0.33333 
    15          0.41667         0.83333 
    16          0.83333             0.5 
    17                0               1 
    18          0.83333         0.66667 
    19          0.41667               1 
    20          0.83333         0.83333 
    21             1.25               0 
    22             1.25         0.16667 
    23             1.25         0.33333 
    24          0.83333               1 
    25             1.25             0.5 
    26             1.25         0.66667 
    27             1.25         0.83333 
    28             1.25               1 
    29           1.6667               0 
    30           1.6667         0.16667 
    31           1.6667         0.33333 
    32           1.6667             0.5 
    33           1.6667         0.66667 
    34           1.6667         0.83333 
    35           1.6667               1 
    36           2.0833               0 
    37           2.0833         0.16667 
    38           2.0833         0.33333 
    39           2.0833             0.5 
    40           2.0833         0.66667 
    41           2.0833         0.83333 
    42           2.0833               1 
    43              2.5               0 
    44              2.5         0.16667 
    45              2.5         0.33333 
    46              2.5             0.5 
    47              2.5         0.66667 
    48              2.5         0.83333 
    49              2.5               1 
    50           2.9167               0 
    51           2.9167         0.16667 
    52           2.9167         0.33333 
    53           2.9167             0.5 
    54           2.9167         0.66667 
    55           2.9167         0.83333 
    56           2.9167               1 
    57           3.3333               0 
    58           3.3333         0.16667 
    59           3.3333         0.33333 
    60           3.3333             0.5 
    61           3.3333         0.66667 
    62           3.3333         0.83333 
    63           3.3333               1 
    64             3.75               0 
    65             3.75         0.16667 
    66             3.75         0.33333 
    67             3.75             0.5 
    68             3.75         0.66667 
    69             3.75         0.83333 
    70             3.75               1 
    71           4.1667               0 
    72           4.1667         0.16667 
    73           4.1667         0.33333 
    74           4.1667             0.5 
    75           4.1667         0.66667 
    76           4.1667         0.83333 
    77           4.1667               1 
    78           4.5833               0 
    79           4.5833         0.16667 
    80           4.5833         0.33333 
    81           4.5833             0.5 
    82           4.5833         0.66667 
    83           4.5833         0.83333 
    84           4.5833               1 
    85                5               0 
    86                5         0.16667 
    87                5         0.33333 
    88                5             0.5 
    89                5         0.66667 
    90                5         0.83333 
    91                5               1 
    92           5.4167               0 
    93           5.4167         0.16667 
    94           5.4167         0.33333 
    95           5.4167             0.5 
    96           5.4167         0.66667 
    97           5.4167         0.83333 
    98           5.4167               1 
    99           5.8333               0 
   100           5.8333         0.16667 
   101           5.8333         0.33333 
   102           5.8333             0.5 
   103           5.8333         0.66667 
   104           5.8333         0.83333 
   105           5.8333               1 
   106             6.25               0 
   107             6.25         0.16667 
   108             6.25         0.33333 
   109             6.25             0.5 
   110             6.25         0.66667 
   111             6.25         0.83333 
   112             6.25               1 
   113           6.6667               0 
   114           6.6667         0.16667 
   115           6.6667         0.33333 
   116           6.6667             0.5 
   117           6.6667         0.66667 
   118           6.6667         0.83333 
   119           6.6667               1 
   120           7.0833               0 
   121           7.0833         0.16667 
   122           7.0833         0.33333 
   123           7.0833             0.5 
   124           7.0833         0.66667 
   125           7.0833         0.83333 
   126           7.0833               1 
   127              7.5               0 
   128              7.5         0.16667 
   129              7.5         0.33333 
   130              7.5             0.5 
   131              7.5         0.66667 
   132              7.5         0.83333 
   133              7.5               1 
   134           7.9167               0 
   135           7.9167         0.16667 
   136           7.9167         0.33333 
   137           7.9167             0.5 
   138           7.9167         0.66667 
   139           7.9167         0.83333 
   140           7.9167               1 
   141           8.3333               0 
   142           8.3333         0.16667 
   143           8.3333         0.33333 
   144           8.3333             0.5 
   145           8.3333         0.66667 
   146           8.3333         0.83333 
   147           8.3333               1 
   148             8.75               0 
   149             8.75         0.16667 
   150             8.75         0.33333 
   151             8.75             0.5 
   152             8.75         0.66667 
   153             8.75         0.83333 
   154             8.75               1 
   155           9.1667               0 
   156           9.1667         0.16667 
   157           9.1667         0.33333 
   158           9.1667             0.5 
   159           9.1667         0.66667 
   160           9.1667         0.83333 
   161           9.1667               1 
   162           9.5833               0 
   163           9.5833         0.16667 
   164           9.5833         0.33333 
   165           9.5833             0.5 
   166           9.5833         0.66667 
   167           9.5833         0.83333 
   168           9.5833               1 
   169               10               0 
   170               10         0.16667 
   171               10         0.33333 
   172               10             0.5 
   173               10         0.66667 
   174               10         0.83333 
   175               10               1 
element
     1      9    18    17    10    15    12
     2     18    24    17    20    19    15
     3      3    14     9     7     8     6
     4     14    18     9    16    10     8
     5      1    11     3     4     5     2
     6     11    14     3    13     7     5
     7     18    33    24    26    27    20
     8     33    35    24    34    28    27
     9     14    31    18    23    25    16
    10     31    33    18    32    26    25
    11     11    29    14    21    22    13
    12     29    31    14    30    23    22
    13     33    47    35    40    41    34
    14     47    49    35    48    42    41
    15     31    45    33    38    39    32
    16     45    47    33    46    40    39
    17     29    43    31    36    37    30
    18     43    45    31    44    38    37
    19     47    61    49    54    55    48
    20     61    63    49    62    56    55
    21     45    59    47    52    53    46
    22     59    61    47    60    54    53
    23     43    57    45    50    51    44
    24     57    59    45    58    52    51
    25     61    75    63    68    69    62
    26     75    77    63    76    70    69
    27     59    73    61    66    67    60
    28     73    75    61    74    68    67
    29     57    71    59    64    65    58
    30     71    73    59    72    66    65
    31     75    89    77    82    83    76
    32     89    91    77    90    84    83
    33     73    87    75    80    81    74
    34     87    89    75    88    82    81
    35     71    85    73    78    79    72
    36     85    87    73    86    80    79
    37     89   103    91    96    97    90
    38    103   105    91   104    98    97
    39     87   101    89    94    95    88
    40    101   103    89   102    96    95
    41     85    99    87    92    93    86
    42     99   101    87   100    94    93
    43    103   117   105   110   111   104
    44    117   119   105   118   112   111
    45    101   115   103   108   109   102
    46    115   117   103   116   110   109
    47     99   113   101   106   107   100
    48    113   115   101   114   108   107
    49    117   131   119   124   125   118
    50    131   133   119   132   126   125
    51    115   129   117   122   123   116
    52    129   131   117   130   124   123
    53    113   127   115   120   121   114
    54    127   129   115   128   122   121
    55    131   145   133   138   139   132
    56    145   147   133   146   140   139
    57    129   143   131   136   137   130
    58    143   145   131   144   138   137
    59    127   141   129   134   135   128
    60    141   143   129   142   136   135
    61    145   159   147   152   153   146
    62    159   161   147   160   154   153
    63    143   157   145   150   151   144
    64    157   159   145   158   152   151
    65    141   155   143   148   149   142
    66    155   157   143   156   150   149
    67    159   173   161   166   167   160
    68    173   175   161   174   168   167
    69    157   171   159   164   165   158
    70    171   173   159   172   166   165
    71    155   169   157   162   163   156
    72    169   171   157   170   164   163
material
 2100 0.3
boundary
       1 1 1  0.000000 0.000000 
       2 1 1  0.000000 0.000000 
       3 1 1  0.000000 0.000000 
       6 1 1  0.000000 0.000000 
       9 1 1  0.000000 0.000000 
      12 1 1  0.000000 0.000000 
      17 1 1  0.000000 0.000000 
traction
3
   169 171 170    0  1
   171 173 172    0  1
   173 175 174    0  1
end
