title
test data for h8
nnode, nelem
   8     1
node,coordinate
     1      0 0 0
     2      1 0 0
     3      0 1e-3 0
     4      1 1e-3 0
     5      0 0 1
     6      1 0 1
     7      0 1e-3 1
     8      1 1e-3 1
element
     1    1 2 4 3 5 6 8 7
material
 2000 0.0
boundary
1  1 1 1   0.000000 0.000000 0.000000
2  1 1 1   0.000000 0.000000 0.000000
3  1 1 1   0.000000 0.000000 0.000000
4  1 1 1   0.000000 0.000000 0.000000
point
5  0 0 1
6  0 0 1
7  0 0 -1
8  0 0 -1
end
