title
simple test data fot t10
nnode, nelem
    35     12
node,coordinate
     1                1               1               0 
     2                1               1             0.5 
     3              0.5               1               0 
     4                1             0.5               0 
     5              0.5               1             0.5 
     6              0.5             0.5               0 
     7                1             0.5             0.5 
     8              0.5             0.5             0.5 
     9          0.14575         0.64521         0.35598 
    10          0.64575         0.14521         0.35598 
    11          0.64575         0.64521         0.85598 
    12                1               0               0 
    13                1               1               1 
    14                0               1               0 
    15                0             0.5               0 
    16              0.5               0               0 
    17              0.5               1               1 
    18                1             0.5               1 
    19                0               1             0.5 
    20                1               0             0.5 
    21              0.5             0.5               1 
    22              0.5               0             0.5 
    23                0             0.5             0.5 
    24          0.29151         0.29042         0.71195 
    25          0.14575         0.14521         0.35598 
    26          0.14575         0.64521         0.85598 
    27          0.64575         0.14521         0.85598 
    28                1               0               1 
    29                0               1               1 
    30                0               0               0 
    31          0.14575         0.14521         0.85598 
    32                0             0.5               1 
    33                0               0             0.5 
    34              0.5               0               1 
    35                0               0               1 
element
     1      1    14    12    29     3     6     4     5    19     8
     2     28    13    12    24    18     7    20    27    11    10
     3     28    13    24    35    18    11    27    34    21    31
     4     24    28    35    30    27    34    31    25    22    33
     5     35    24    30    14    31    25    33    23     9    15
     6     12    28    24    30    20    27    10    16    22    25
     7     24    12    30    14    10    16    25     9     6    15
     8     13    24    35    29    11    31    21    17    26    32
     9     24    35    29    14    31    32    26     9    23    19
    10     13    24    29    12    11    26    17     7    10     8
    11     29    24    14    12    26     9    19     8    10     6
    12     13    29     1    12    17     5     2     7     8     4
material
 2100 0.3
boundary
       1 0 0 1  0.000000 0.000000 0.000000
       3 0 0 1  0.000000 0.000000 0.000000
       4 0 0 1  0.000000 0.000000 0.000000
       6 0 0 1  0.000000 0.000000 0.000000
      12 0 1 1  0.000000 0.000000 0.000000
      14 1 0 1  0.000000 0.000000 0.000000
      15 1 0 1  0.000000 0.000000 0.000000
      16 0 1 1  0.000000 0.000000 0.000000
      30 1 1 1  0.000000 0.000000 0.000000
traction
     2
    35    13    28    21    18    34 0.0  0.0  1.0
    35    29    13    32    17    21 0.0  0.0  1.0
end
