title
Patch test (shear)
nnode, nelem
   8    5
node,coordinate
     1         0               0 
     2        10               0
     3         2               2
     4         8               3 
     5         4               7 
     6         8               7 
     7         0              10 
     8        10              10 
element
     1    1 2 4 3
     2    1 3 5 7
     3    3 4 6 5
     4    5 6 8 7
     5    2 8 6 4
material
 2.1e6 0.3 1.0
boundary
       1 1 1 1    0.000000 0.000000 0.000000 
       2 1 1 1   10.000000 0.000000 0.000000 
       7 1 1 1    0.000000 0.000000 0.000000 
       8 1 1 1   10.000000 0.000000 0.000000 
       3 0 1 1    0.000000 0.000000 0.000000 
       4 0 1 1    0.000000 0.000000 0.000000 
       5 0 1 1    0.000000 0.000000 0.000000 
       6 0 1 1    0.000000 0.000000 0.000000 
end
