title
patch test
nnode, nelem
   5    4
node,coordinate
     1         0               0 
     2        40               0
     3        40              20
     4         0              20 
     5        15              15 
element
     1    1 2 5
     2    2 3 5
     3    3 4 5
     4    1 5 4
material
 1000.0 0.3 1.0
boundary
       1 1 0 0    0.000000 0.000000 0.000000 
       2 1 0 0    0.000000 0.000000 0.000000 
       3 0 0 0    0.000000 0.000000 0.000000 
       4 1 0 0    0.000000 0.000000 0.000000 
point
   1  0.0  10.0 -20.0
   2  0.0  10.0  20.0
   3 -2.0 -10.0  20.0
   4  0.0 -10.0 -20.0 
end
