FEM4C - High Performance Finite Element Method in C
Analysis Results
=====================================

Analysis Title: Q4 Cantilever Beam
Date/Time:      2025-10-11 01:41:55
Input File:     input.dat

Problem Size:
  Number of nodes:     297
  Number of elements:  256
  Number of materials: 1
  Total DOF:           594

Nodal Displacements:
====================
Node      UX           UY           UZ
----  -----------  -----------  -----------
   1   0.0000e+00   0.0000e+00   0.0000e+00
   2  -8.4222e-08  -4.4844e-08   0.0000e+00
   3  -1.6449e-07  -1.2446e-07   0.0000e+00
   4  -2.4377e-07  -2.5552e-07   0.0000e+00
   5  -3.2032e-07  -4.3521e-07   0.0000e+00
   6  -3.9417e-07  -6.6195e-07   0.0000e+00
   7  -4.6532e-07  -9.3398e-07   0.0000e+00
   8  -5.3379e-07  -1.2496e-06   0.0000e+00
   9  -5.9958e-07  -1.6073e-06   0.0000e+00
  10  -6.6268e-07  -2.0052e-06   0.0000e+00
  11  -7.2310e-07  -2.4417e-06   0.0000e+00
  12  -7.8083e-07  -2.9151e-06   0.0000e+00
  13  -8.3588e-07  -3.4238e-06   0.0000e+00
  14  -8.8824e-07  -3.9660e-06   0.0000e+00
  15  -9.3791e-07  -4.5401e-06   0.0000e+00
  16  -9.8490e-07  -5.1444e-06   0.0000e+00
  17  -1.0292e-06  -5.7773e-06   0.0000e+00
  18  -1.0708e-06  -6.4370e-06   0.0000e+00
  19  -1.1098e-06  -7.1219e-06   0.0000e+00
  20  -1.1460e-06  -7.8303e-06   0.0000e+00
  21  -1.1796e-06  -8.5605e-06   0.0000e+00
  22  -1.2105e-06  -9.3108e-06   0.0000e+00
  23  -1.2387e-06  -1.0080e-05   0.0000e+00
  24  -1.2642e-06  -1.0865e-05   0.0000e+00
  25  -1.2870e-06  -1.1666e-05   0.0000e+00
  26  -1.3071e-06  -1.2480e-05   0.0000e+00
  27  -1.3246e-06  -1.3306e-05   0.0000e+00
  28  -1.3393e-06  -1.4142e-05   0.0000e+00
  29  -1.3514e-06  -1.4986e-05   0.0000e+00
  30  -1.3608e-06  -1.5837e-05   0.0000e+00
  31  -1.3675e-06  -1.6693e-05   0.0000e+00
  32  -1.3712e-06  -1.7553e-05   0.0000e+00
  33  -1.3722e-06  -1.8412e-05   0.0000e+00
  34   0.0000e+00   0.0000e+00   0.0000e+00
  35  -6.0224e-08  -3.4512e-08   0.0000e+00
  36  -1.2277e-07  -1.1630e-07   0.0000e+00
  37  -1.8195e-07  -2.4728e-07   0.0000e+00
  38  -2.3938e-07  -4.2733e-07   0.0000e+00
  39  -2.9476e-07  -6.5433e-07   0.0000e+00
  40  -3.4813e-07  -9.2665e-07   0.0000e+00
  41  -3.9948e-07  -1.2426e-06   0.0000e+00
  42  -4.4882e-07  -1.6005e-06   0.0000e+00
  43  -4.9615e-07  -1.9987e-06   0.0000e+00
  44  -5.4146e-07  -2.4355e-06   0.0000e+00
  45  -5.8476e-07  -2.9092e-06   0.0000e+00
  46  -6.2604e-07  -3.4181e-06   0.0000e+00
  47  -6.6531e-07  -3.9606e-06   0.0000e+00
  48  -7.0257e-07  -4.5350e-06   0.0000e+00
  49  -7.3781e-07  -5.1397e-06   0.0000e+00
  50  -7.7104e-07  -5.7728e-06   0.0000e+00
  51  -8.0226e-07  -6.4328e-06   0.0000e+00
  52  -8.3146e-07  -7.1179e-06   0.0000e+00
  53  -8.5865e-07  -7.8266e-06   0.0000e+00
  54  -8.8382e-07  -8.5571e-06   0.0000e+00
  55  -9.0698e-07  -9.3077e-06   0.0000e+00
  56  -9.2812e-07  -1.0077e-05   0.0000e+00
  57  -9.4726e-07  -1.0863e-05   0.0000e+00
  58  -9.6437e-07  -1.1664e-05   0.0000e+00
  59  -9.7948e-07  -1.2478e-05   0.0000e+00
  60  -9.9257e-07  -1.3304e-05   0.0000e+00
  61  -1.0036e-06  -1.4140e-05   0.0000e+00
  62  -1.0127e-06  -1.4985e-05   0.0000e+00
  63  -1.0198e-06  -1.5836e-05   0.0000e+00
  64  -1.0248e-06  -1.6693e-05   0.0000e+00
  65  -1.0278e-06  -1.7552e-05   0.0000e+00
  66  -1.0287e-06  -1.8412e-05   0.0000e+00
  67   0.0000e+00   0.0000e+00   0.0000e+00
  68  -3.9323e-08  -2.7943e-08   0.0000e+00
  69  -8.1163e-08  -1.1001e-07   0.0000e+00
  70  -1.2096e-07  -2.4149e-07   0.0000e+00
  71  -1.5917e-07  -4.2168e-07   0.0000e+00
  72  -1.9609e-07  -6.4890e-07   0.0000e+00
  73  -2.3167e-07  -9.2141e-07   0.0000e+00
  74  -2.6591e-07  -1.2376e-06   0.0000e+00
  75  -2.9880e-07  -1.5957e-06   0.0000e+00
  76  -3.3035e-07  -1.9941e-06   0.0000e+00
  77  -3.6056e-07  -2.4310e-06   0.0000e+00
  78  -3.8943e-07  -2.9050e-06   0.0000e+00
  79  -4.1695e-07  -3.4141e-06   0.0000e+00
  80  -4.4313e-07  -3.9568e-06   0.0000e+00
  81  -4.6797e-07  -4.5314e-06   0.0000e+00
  82  -4.9146e-07  -5.1362e-06   0.0000e+00
  83  -5.1362e-07  -5.7696e-06   0.0000e+00
  84  -5.3443e-07  -6.4298e-06   0.0000e+00
  85  -5.5389e-07  -7.1151e-06   0.0000e+00
  86  -5.7202e-07  -7.8240e-06   0.0000e+00
  87  -5.8880e-07  -8.5547e-06   0.0000e+00
  88  -6.0424e-07  -9.3055e-06   0.0000e+00
  89  -6.1834e-07  -1.0075e-05   0.0000e+00
  90  -6.3109e-07  -1.0861e-05   0.0000e+00
  91  -6.4250e-07  -1.1662e-05   0.0000e+00
  92  -6.5257e-07  -1.2477e-05   0.0000e+00
  93  -6.6130e-07  -1.3303e-05   0.0000e+00
  94  -6.6868e-07  -1.4139e-05   0.0000e+00
  95  -6.7473e-07  -1.4984e-05   0.0000e+00
  96  -6.7941e-07  -1.5836e-05   0.0000e+00
  97  -6.8281e-07  -1.6692e-05   0.0000e+00
  98  -6.8507e-07  -1.7552e-05   0.0000e+00
  99  -6.8564e-07  -1.8413e-05   0.0000e+00
 100   0.0000e+00   0.0000e+00   0.0000e+00
 101  -1.9468e-08  -2.4306e-08   0.0000e+00
 102  -4.0358e-08  -1.0615e-07   0.0000e+00
 103  -6.0362e-08  -2.3799e-07   0.0000e+00
 104  -7.9468e-08  -4.1831e-07   0.0000e+00
 105  -9.7922e-08  -6.4563e-07   0.0000e+00
 106  -1.1571e-07  -9.1827e-07   0.0000e+00
 107  -1.3283e-07  -1.2345e-06   0.0000e+00
 108  -1.4928e-07  -1.5928e-06   0.0000e+00
 109  -1.6505e-07  -1.9913e-06   0.0000e+00
 110  -1.8016e-07  -2.4284e-06   0.0000e+00
 111  -1.9459e-07  -2.9024e-06   0.0000e+00
 112  -2.0835e-07  -3.4117e-06   0.0000e+00
 113  -2.2144e-07  -3.9545e-06   0.0000e+00
 114  -2.3386e-07  -4.5292e-06   0.0000e+00
 115  -2.4561e-07  -5.1342e-06   0.0000e+00
 116  -2.5668e-07  -5.7676e-06   0.0000e+00
 117  -2.6709e-07  -6.4279e-06   0.0000e+00
 118  -2.7682e-07  -7.1134e-06   0.0000e+00
 119  -2.8589e-07  -7.8224e-06   0.0000e+00
 120  -2.9428e-07  -8.5532e-06   0.0000e+00
 121  -3.0200e-07  -9.3041e-06   0.0000e+00
 122  -3.0905e-07  -1.0074e-05   0.0000e+00
 123  -3.1542e-07  -1.0860e-05   0.0000e+00
 124  -3.2113e-07  -1.1661e-05   0.0000e+00
 125  -3.2616e-07  -1.2476e-05   0.0000e+00
 126  -3.3053e-07  -1.3302e-05   0.0000e+00
 127  -3.3422e-07  -1.4139e-05   0.0000e+00
 128  -3.3724e-07  -1.4984e-05   0.0000e+00
 129  -3.3959e-07  -1.5835e-05   0.0000e+00
 130  -3.4124e-07  -1.6692e-05   0.0000e+00
 131  -3.4270e-07  -1.7552e-05   0.0000e+00
 132  -3.4289e-07  -1.8414e-05   0.0000e+00
 133   0.0000e+00   0.0000e+00   0.0000e+00
 134  -2.5920e-21  -2.3141e-08   0.0000e+00
 135  -5.1627e-21  -1.0486e-07   0.0000e+00
 136  -7.3883e-21  -2.3681e-07   0.0000e+00
 137  -9.2854e-21  -4.1718e-07   0.0000e+00
 138  -1.0551e-20  -6.4454e-07   0.0000e+00
 139  -1.0892e-20  -9.1722e-07   0.0000e+00
 140  -1.1120e-20  -1.2335e-06   0.0000e+00
 141  -1.1439e-20  -1.5918e-06   0.0000e+00
 142  -1.1747e-20  -1.9904e-06   0.0000e+00
 143  -1.2469e-20  -2.4275e-06   0.0000e+00
 144  -1.3663e-20  -2.9016e-06   0.0000e+00
 145  -1.5492e-20  -3.4109e-06   0.0000e+00
 146  -1.5941e-20  -3.9538e-06   0.0000e+00
 147  -1.5590e-20  -4.5285e-06   0.0000e+00
 148  -1.7446e-20  -5.1335e-06   0.0000e+00
 149  -1.9944e-20  -5.7670e-06   0.0000e+00
 150  -1.9186e-20  -6.4273e-06   0.0000e+00
 151  -1.8807e-20  -7.1129e-06   0.0000e+00
 152  -2.0545e-20  -7.8219e-06   0.0000e+00
 153  -2.0135e-20  -8.5527e-06   0.0000e+00
 154  -1.8738e-20  -9.3037e-06   0.0000e+00
 155  -1.8729e-20  -1.0073e-05   0.0000e+00
 156  -1.7713e-20  -1.0859e-05   0.0000e+00
 157  -1.3818e-20  -1.1661e-05   0.0000e+00
 158  -1.3464e-20  -1.2475e-05   0.0000e+00
 159  -1.7132e-20  -1.3302e-05   0.0000e+00
 160  -1.7919e-20  -1.4138e-05   0.0000e+00
 161  -1.5304e-20  -1.4983e-05   0.0000e+00
 162  -1.3274e-20  -1.5835e-05   0.0000e+00
 163  -1.7017e-20  -1.6692e-05   0.0000e+00
 164  -1.9178e-20  -1.7551e-05   0.0000e+00
 165  -1.7883e-20  -1.8416e-05   0.0000e+00
 166   0.0000e+00   0.0000e+00   0.0000e+00
 167   1.9468e-08  -2.4306e-08   0.0000e+00
 168   4.0358e-08  -1.0615e-07   0.0000e+00
 169   6.0362e-08  -2.3799e-07   0.0000e+00
 170   7.9468e-08  -4.1831e-07   0.0000e+00
 171   9.7922e-08  -6.4563e-07   0.0000e+00
 172   1.1571e-07  -9.1827e-07   0.0000e+00
 173   1.3283e-07  -1.2345e-06   0.0000e+00
 174   1.4928e-07  -1.5928e-06   0.0000e+00
 175   1.6505e-07  -1.9913e-06   0.0000e+00
 176   1.8016e-07  -2.4284e-06   0.0000e+00
 177   1.9459e-07  -2.9024e-06   0.0000e+00
 178   2.0835e-07  -3.4117e-06   0.0000e+00
 179   2.2144e-07  -3.9545e-06   0.0000e+00
 180   2.3386e-07  -4.5292e-06   0.0000e+00
 181   2.4561e-07  -5.1342e-06   0.0000e+00
 182   2.5668e-07  -5.7676e-06   0.0000e+00
 183   2.6709e-07  -6.4279e-06   0.0000e+00
 184   2.7682e-07  -7.1134e-06   0.0000e+00
 185   2.8589e-07  -7.8224e-06   0.0000e+00
 186   2.9428e-07  -8.5532e-06   0.0000e+00
 187   3.0200e-07  -9.3041e-06   0.0000e+00
 188   3.0905e-07  -1.0074e-05   0.0000e+00
 189   3.1542e-07  -1.0860e-05   0.0000e+00
 190   3.2113e-07  -1.1661e-05   0.0000e+00
 191   3.2616e-07  -1.2476e-05   0.0000e+00
 192   3.3053e-07  -1.3302e-05   0.0000e+00
 193   3.3422e-07  -1.4139e-05   0.0000e+00
 194   3.3724e-07  -1.4984e-05   0.0000e+00
 195   3.3959e-07  -1.5835e-05   0.0000e+00
 196   3.4124e-07  -1.6692e-05   0.0000e+00
 197   3.4270e-07  -1.7552e-05   0.0000e+00
 198   3.4289e-07  -1.8414e-05   0.0000e+00
 199   0.0000e+00   0.0000e+00   0.0000e+00
 200   3.9323e-08  -2.7943e-08   0.0000e+00
 201   8.1163e-08  -1.1001e-07   0.0000e+00
 202   1.2096e-07  -2.4149e-07   0.0000e+00
 203   1.5917e-07  -4.2168e-07   0.0000e+00
 204   1.9609e-07  -6.4890e-07   0.0000e+00
 205   2.3167e-07  -9.2141e-07   0.0000e+00
 206   2.6591e-07  -1.2376e-06   0.0000e+00
 207   2.9880e-07  -1.5957e-06   0.0000e+00
 208   3.3035e-07  -1.9941e-06   0.0000e+00
 209   3.6056e-07  -2.4310e-06   0.0000e+00
 210   3.8943e-07  -2.9050e-06   0.0000e+00
 211   4.1695e-07  -3.4141e-06   0.0000e+00
 212   4.4313e-07  -3.9568e-06   0.0000e+00
 213   4.6797e-07  -4.5314e-06   0.0000e+00
 214   4.9146e-07  -5.1362e-06   0.0000e+00
 215   5.1362e-07  -5.7696e-06   0.0000e+00
 216   5.3443e-07  -6.4298e-06   0.0000e+00
 217   5.5389e-07  -7.1151e-06   0.0000e+00
 218   5.7202e-07  -7.8240e-06   0.0000e+00
 219   5.8880e-07  -8.5547e-06   0.0000e+00
 220   6.0424e-07  -9.3055e-06   0.0000e+00
 221   6.1834e-07  -1.0075e-05   0.0000e+00
 222   6.3109e-07  -1.0861e-05   0.0000e+00
 223   6.4250e-07  -1.1662e-05   0.0000e+00
 224   6.5257e-07  -1.2477e-05   0.0000e+00
 225   6.6130e-07  -1.3303e-05   0.0000e+00
 226   6.6868e-07  -1.4139e-05   0.0000e+00
 227   6.7473e-07  -1.4984e-05   0.0000e+00
 228   6.7941e-07  -1.5836e-05   0.0000e+00
 229   6.8281e-07  -1.6692e-05   0.0000e+00
 230   6.8507e-07  -1.7552e-05   0.0000e+00
 231   6.8564e-07  -1.8413e-05   0.0000e+00
 232   0.0000e+00   0.0000e+00   0.0000e+00
 233   6.0224e-08  -3.4512e-08   0.0000e+00
 234   1.2277e-07  -1.1630e-07   0.0000e+00
 235   1.8195e-07  -2.4728e-07   0.0000e+00
 236   2.3938e-07  -4.2733e-07   0.0000e+00
 237   2.9476e-07  -6.5433e-07   0.0000e+00
 238   3.4813e-07  -9.2665e-07   0.0000e+00
 239   3.9948e-07  -1.2426e-06   0.0000e+00
 240   4.4882e-07  -1.6005e-06   0.0000e+00
 241   4.9615e-07  -1.9987e-06   0.0000e+00
 242   5.4146e-07  -2.4355e-06   0.0000e+00
 243   5.8476e-07  -2.9092e-06   0.0000e+00
 244   6.2604e-07  -3.4181e-06   0.0000e+00
 245   6.6531e-07  -3.9606e-06   0.0000e+00
 246   7.0257e-07  -4.5350e-06   0.0000e+00
 247   7.3781e-07  -5.1397e-06   0.0000e+00
 248   7.7104e-07  -5.7728e-06   0.0000e+00
 249   8.0226e-07  -6.4328e-06   0.0000e+00
 250   8.3146e-07  -7.1179e-06   0.0000e+00
 251   8.5865e-07  -7.8266e-06   0.0000e+00
 252   8.8382e-07  -8.5571e-06   0.0000e+00
 253   9.0698e-07  -9.3077e-06   0.0000e+00
 254   9.2812e-07  -1.0077e-05   0.0000e+00
 255   9.4726e-07  -1.0863e-05   0.0000e+00
 256   9.6437e-07  -1.1664e-05   0.0000e+00
 257   9.7948e-07  -1.2478e-05   0.0000e+00
 258   9.9257e-07  -1.3304e-05   0.0000e+00
 259   1.0036e-06  -1.4140e-05   0.0000e+00
 260   1.0127e-06  -1.4985e-05   0.0000e+00
 261   1.0198e-06  -1.5836e-05   0.0000e+00
 262   1.0248e-06  -1.6693e-05   0.0000e+00
 263   1.0278e-06  -1.7552e-05   0.0000e+00
 264   1.0287e-06  -1.8412e-05   0.0000e+00
 265   0.0000e+00   0.0000e+00   0.0000e+00
 266   8.4222e-08  -4.4844e-08   0.0000e+00
 267   1.6449e-07  -1.2446e-07   0.0000e+00
 268   2.4377e-07  -2.5552e-07   0.0000e+00
 269   3.2032e-07  -4.3521e-07   0.0000e+00
 270   3.9417e-07  -6.6195e-07   0.0000e+00
 271   4.6532e-07  -9.3398e-07   0.0000e+00
 272   5.3379e-07  -1.2496e-06   0.0000e+00
 273   5.9958e-07  -1.6073e-06   0.0000e+00
 274   6.6268e-07  -2.0052e-06   0.0000e+00
 275   7.2310e-07  -2.4417e-06   0.0000e+00
 276   7.8083e-07  -2.9151e-06   0.0000e+00
 277   8.3588e-07  -3.4238e-06   0.0000e+00
 278   8.8824e-07  -3.9660e-06   0.0000e+00
 279   9.3791e-07  -4.5401e-06   0.0000e+00
 280   9.8490e-07  -5.1444e-06   0.0000e+00
 281   1.0292e-06  -5.7773e-06   0.0000e+00
 282   1.0708e-06  -6.4370e-06   0.0000e+00
 283   1.1098e-06  -7.1219e-06   0.0000e+00
 284   1.1460e-06  -7.8303e-06   0.0000e+00
 285   1.1796e-06  -8.5605e-06   0.0000e+00
 286   1.2105e-06  -9.3108e-06   0.0000e+00
 287   1.2387e-06  -1.0080e-05   0.0000e+00
 288   1.2642e-06  -1.0865e-05   0.0000e+00
 289   1.2870e-06  -1.1666e-05   0.0000e+00
 290   1.3071e-06  -1.2480e-05   0.0000e+00
 291   1.3246e-06  -1.3306e-05   0.0000e+00
 292   1.3393e-06  -1.4142e-05   0.0000e+00
 293   1.3514e-06  -1.4986e-05   0.0000e+00
 294   1.3608e-06  -1.5837e-05   0.0000e+00
 295   1.3675e-06  -1.6693e-05   0.0000e+00
 296   1.3712e-06  -1.7553e-05   0.0000e+00
 297   1.3722e-06  -1.8412e-05   0.0000e+00

Element Stresses:
=================
Elem     SigmaX       SigmaY       TauXY
----  -----------  -----------  -----------
   1   0.0000e+00   0.0000e+00   0.0000e+00
   2   0.0000e+00   0.0000e+00   0.0000e+00
   3   0.0000e+00   0.0000e+00   0.0000e+00
   4   0.0000e+00   0.0000e+00   0.0000e+00
   5   0.0000e+00   0.0000e+00   0.0000e+00
   6   0.0000e+00   0.0000e+00   0.0000e+00
   7   0.0000e+00   0.0000e+00   0.0000e+00
   8   0.0000e+00   0.0000e+00   0.0000e+00
   9   0.0000e+00   0.0000e+00   0.0000e+00
  10   0.0000e+00   0.0000e+00   0.0000e+00
  11   0.0000e+00   0.0000e+00   0.0000e+00
  12   0.0000e+00   0.0000e+00   0.0000e+00
  13   0.0000e+00   0.0000e+00   0.0000e+00
  14   0.0000e+00   0.0000e+00   0.0000e+00
  15   0.0000e+00   0.0000e+00   0.0000e+00
  16   0.0000e+00   0.0000e+00   0.0000e+00
  17   0.0000e+00   0.0000e+00   0.0000e+00
  18   0.0000e+00   0.0000e+00   0.0000e+00
  19   0.0000e+00   0.0000e+00   0.0000e+00
  20   0.0000e+00   0.0000e+00   0.0000e+00
  21   0.0000e+00   0.0000e+00   0.0000e+00
  22   0.0000e+00   0.0000e+00   0.0000e+00
  23   0.0000e+00   0.0000e+00   0.0000e+00
  24   0.0000e+00   0.0000e+00   0.0000e+00
  25   0.0000e+00   0.0000e+00   0.0000e+00
  26   0.0000e+00   0.0000e+00   0.0000e+00
  27   0.0000e+00   0.0000e+00   0.0000e+00
  28   0.0000e+00   0.0000e+00   0.0000e+00
  29   0.0000e+00   0.0000e+00   0.0000e+00
  30   0.0000e+00   0.0000e+00   0.0000e+00
  31   0.0000e+00   0.0000e+00   0.0000e+00
  32   0.0000e+00   0.0000e+00   0.0000e+00
  33   0.0000e+00   0.0000e+00   0.0000e+00
  34   0.0000e+00   0.0000e+00   0.0000e+00
  35   0.0000e+00   0.0000e+00   0.0000e+00
  36   0.0000e+00   0.0000e+00   0.0000e+00
  37   0.0000e+00   0.0000e+00   0.0000e+00
  38   0.0000e+00   0.0000e+00   0.0000e+00
  39   0.0000e+00   0.0000e+00   0.0000e+00
  40   0.0000e+00   0.0000e+00   0.0000e+00
  41   0.0000e+00   0.0000e+00   0.0000e+00
  42   0.0000e+00   0.0000e+00   0.0000e+00
  43   0.0000e+00   0.0000e+00   0.0000e+00
  44   0.0000e+00   0.0000e+00   0.0000e+00
  45   0.0000e+00   0.0000e+00   0.0000e+00
  46   0.0000e+00   0.0000e+00   0.0000e+00
  47   0.0000e+00   0.0000e+00   0.0000e+00
  48   0.0000e+00   0.0000e+00   0.0000e+00
  49   0.0000e+00   0.0000e+00   0.0000e+00
  50   0.0000e+00   0.0000e+00   0.0000e+00
  51   0.0000e+00   0.0000e+00   0.0000e+00
  52   0.0000e+00   0.0000e+00   0.0000e+00
  53   0.0000e+00   0.0000e+00   0.0000e+00
  54   0.0000e+00   0.0000e+00   0.0000e+00
  55   0.0000e+00   0.0000e+00   0.0000e+00
  56   0.0000e+00   0.0000e+00   0.0000e+00
  57   0.0000e+00   0.0000e+00   0.0000e+00
  58   0.0000e+00   0.0000e+00   0.0000e+00
  59   0.0000e+00   0.0000e+00   0.0000e+00
  60   0.0000e+00   0.0000e+00   0.0000e+00
  61   0.0000e+00   0.0000e+00   0.0000e+00
  62   0.0000e+00   0.0000e+00   0.0000e+00
  63   0.0000e+00   0.0000e+00   0.0000e+00
  64   0.0000e+00   0.0000e+00   0.0000e+00
  65   0.0000e+00   0.0000e+00   0.0000e+00
  66   0.0000e+00   0.0000e+00   0.0000e+00
  67   0.0000e+00   0.0000e+00   0.0000e+00
  68   0.0000e+00   0.0000e+00   0.0000e+00
  69   0.0000e+00   0.0000e+00   0.0000e+00
  70   0.0000e+00   0.0000e+00   0.0000e+00
  71   0.0000e+00   0.0000e+00   0.0000e+00
  72   0.0000e+00   0.0000e+00   0.0000e+00
  73   0.0000e+00   0.0000e+00   0.0000e+00
  74   0.0000e+00   0.0000e+00   0.0000e+00
  75   0.0000e+00   0.0000e+00   0.0000e+00
  76   0.0000e+00   0.0000e+00   0.0000e+00
  77   0.0000e+00   0.0000e+00   0.0000e+00
  78   0.0000e+00   0.0000e+00   0.0000e+00
  79   0.0000e+00   0.0000e+00   0.0000e+00
  80   0.0000e+00   0.0000e+00   0.0000e+00
  81   0.0000e+00   0.0000e+00   0.0000e+00
  82   0.0000e+00   0.0000e+00   0.0000e+00
  83   0.0000e+00   0.0000e+00   0.0000e+00
  84   0.0000e+00   0.0000e+00   0.0000e+00
  85   0.0000e+00   0.0000e+00   0.0000e+00
  86   0.0000e+00   0.0000e+00   0.0000e+00
  87   0.0000e+00   0.0000e+00   0.0000e+00
  88   0.0000e+00   0.0000e+00   0.0000e+00
  89   0.0000e+00   0.0000e+00   0.0000e+00
  90   0.0000e+00   0.0000e+00   0.0000e+00
  91   0.0000e+00   0.0000e+00   0.0000e+00
  92   0.0000e+00   0.0000e+00   0.0000e+00
  93   0.0000e+00   0.0000e+00   0.0000e+00
  94   0.0000e+00   0.0000e+00   0.0000e+00
  95   0.0000e+00   0.0000e+00   0.0000e+00
  96   0.0000e+00   0.0000e+00   0.0000e+00
  97   0.0000e+00   0.0000e+00   0.0000e+00
  98   0.0000e+00   0.0000e+00   0.0000e+00
  99   0.0000e+00   0.0000e+00   0.0000e+00
 100   0.0000e+00   0.0000e+00   0.0000e+00
 101   0.0000e+00   0.0000e+00   0.0000e+00
 102   0.0000e+00   0.0000e+00   0.0000e+00
 103   0.0000e+00   0.0000e+00   0.0000e+00
 104   0.0000e+00   0.0000e+00   0.0000e+00
 105   0.0000e+00   0.0000e+00   0.0000e+00
 106   0.0000e+00   0.0000e+00   0.0000e+00
 107   0.0000e+00   0.0000e+00   0.0000e+00
 108   0.0000e+00   0.0000e+00   0.0000e+00
 109   0.0000e+00   0.0000e+00   0.0000e+00
 110   0.0000e+00   0.0000e+00   0.0000e+00
 111   0.0000e+00   0.0000e+00   0.0000e+00
 112   0.0000e+00   0.0000e+00   0.0000e+00
 113   0.0000e+00   0.0000e+00   0.0000e+00
 114   0.0000e+00   0.0000e+00   0.0000e+00
 115   0.0000e+00   0.0000e+00   0.0000e+00
 116   0.0000e+00   0.0000e+00   0.0000e+00
 117   0.0000e+00   0.0000e+00   0.0000e+00
 118   0.0000e+00   0.0000e+00   0.0000e+00
 119   0.0000e+00   0.0000e+00   0.0000e+00
 120   0.0000e+00   0.0000e+00   0.0000e+00
 121   0.0000e+00   0.0000e+00   0.0000e+00
 122   0.0000e+00   0.0000e+00   0.0000e+00
 123   0.0000e+00   0.0000e+00   0.0000e+00
 124   0.0000e+00   0.0000e+00   0.0000e+00
 125   0.0000e+00   0.0000e+00   0.0000e+00
 126   0.0000e+00   0.0000e+00   0.0000e+00
 127   0.0000e+00   0.0000e+00   0.0000e+00
 128   0.0000e+00   0.0000e+00   0.0000e+00
 129   0.0000e+00   0.0000e+00   0.0000e+00
 130   0.0000e+00   0.0000e+00   0.0000e+00
 131   0.0000e+00   0.0000e+00   0.0000e+00
 132   0.0000e+00   0.0000e+00   0.0000e+00
 133   0.0000e+00   0.0000e+00   0.0000e+00
 134   0.0000e+00   0.0000e+00   0.0000e+00
 135   0.0000e+00   0.0000e+00   0.0000e+00
 136   0.0000e+00   0.0000e+00   0.0000e+00
 137   0.0000e+00   0.0000e+00   0.0000e+00
 138   0.0000e+00   0.0000e+00   0.0000e+00
 139   0.0000e+00   0.0000e+00   0.0000e+00
 140   0.0000e+00   0.0000e+00   0.0000e+00
 141   0.0000e+00   0.0000e+00   0.0000e+00
 142   0.0000e+00   0.0000e+00   0.0000e+00
 143   0.0000e+00   0.0000e+00   0.0000e+00
 144   0.0000e+00   0.0000e+00   0.0000e+00
 145   0.0000e+00   0.0000e+00   0.0000e+00
 146   0.0000e+00   0.0000e+00   0.0000e+00
 147   0.0000e+00   0.0000e+00   0.0000e+00
 148   0.0000e+00   0.0000e+00   0.0000e+00
 149   0.0000e+00   0.0000e+00   0.0000e+00
 150   0.0000e+00   0.0000e+00   0.0000e+00
 151   0.0000e+00   0.0000e+00   0.0000e+00
 152   0.0000e+00   0.0000e+00   0.0000e+00
 153   0.0000e+00   0.0000e+00   0.0000e+00
 154   0.0000e+00   0.0000e+00   0.0000e+00
 155   0.0000e+00   0.0000e+00   0.0000e+00
 156   0.0000e+00   0.0000e+00   0.0000e+00
 157   0.0000e+00   0.0000e+00   0.0000e+00
 158   0.0000e+00   0.0000e+00   0.0000e+00
 159   0.0000e+00   0.0000e+00   0.0000e+00
 160   0.0000e+00   0.0000e+00   0.0000e+00
 161   0.0000e+00   0.0000e+00   0.0000e+00
 162   0.0000e+00   0.0000e+00   0.0000e+00
 163   0.0000e+00   0.0000e+00   0.0000e+00
 164   0.0000e+00   0.0000e+00   0.0000e+00
 165   0.0000e+00   0.0000e+00   0.0000e+00
 166   0.0000e+00   0.0000e+00   0.0000e+00
 167   0.0000e+00   0.0000e+00   0.0000e+00
 168   0.0000e+00   0.0000e+00   0.0000e+00
 169   0.0000e+00   0.0000e+00   0.0000e+00
 170   0.0000e+00   0.0000e+00   0.0000e+00
 171   0.0000e+00   0.0000e+00   0.0000e+00
 172   0.0000e+00   0.0000e+00   0.0000e+00
 173   0.0000e+00   0.0000e+00   0.0000e+00
 174   0.0000e+00   0.0000e+00   0.0000e+00
 175   0.0000e+00   0.0000e+00   0.0000e+00
 176   0.0000e+00   0.0000e+00   0.0000e+00
 177   0.0000e+00   0.0000e+00   0.0000e+00
 178   0.0000e+00   0.0000e+00   0.0000e+00
 179   0.0000e+00   0.0000e+00   0.0000e+00
 180   0.0000e+00   0.0000e+00   0.0000e+00
 181   0.0000e+00   0.0000e+00   0.0000e+00
 182   0.0000e+00   0.0000e+00   0.0000e+00
 183   0.0000e+00   0.0000e+00   0.0000e+00
 184   0.0000e+00   0.0000e+00   0.0000e+00
 185   0.0000e+00   0.0000e+00   0.0000e+00
 186   0.0000e+00   0.0000e+00   0.0000e+00
 187   0.0000e+00   0.0000e+00   0.0000e+00
 188   0.0000e+00   0.0000e+00   0.0000e+00
 189   0.0000e+00   0.0000e+00   0.0000e+00
 190   0.0000e+00   0.0000e+00   0.0000e+00
 191   0.0000e+00   0.0000e+00   0.0000e+00
 192   0.0000e+00   0.0000e+00   0.0000e+00
 193   0.0000e+00   0.0000e+00   0.0000e+00
 194   0.0000e+00   0.0000e+00   0.0000e+00
 195   0.0000e+00   0.0000e+00   0.0000e+00
 196   0.0000e+00   0.0000e+00   0.0000e+00
 197   0.0000e+00   0.0000e+00   0.0000e+00
 198   0.0000e+00   0.0000e+00   0.0000e+00
 199   0.0000e+00   0.0000e+00   0.0000e+00
 200   0.0000e+00   0.0000e+00   0.0000e+00
 201   0.0000e+00   0.0000e+00   0.0000e+00
 202   0.0000e+00   0.0000e+00   0.0000e+00
 203   0.0000e+00   0.0000e+00   0.0000e+00
 204   0.0000e+00   0.0000e+00   0.0000e+00
 205   0.0000e+00   0.0000e+00   0.0000e+00
 206   0.0000e+00   0.0000e+00   0.0000e+00
 207   0.0000e+00   0.0000e+00   0.0000e+00
 208   0.0000e+00   0.0000e+00   0.0000e+00
 209   0.0000e+00   0.0000e+00   0.0000e+00
 210   0.0000e+00   0.0000e+00   0.0000e+00
 211   0.0000e+00   0.0000e+00   0.0000e+00
 212   0.0000e+00   0.0000e+00   0.0000e+00
 213   0.0000e+00   0.0000e+00   0.0000e+00
 214   0.0000e+00   0.0000e+00   0.0000e+00
 215   0.0000e+00   0.0000e+00   0.0000e+00
 216   0.0000e+00   0.0000e+00   0.0000e+00
 217   0.0000e+00   0.0000e+00   0.0000e+00
 218   0.0000e+00   0.0000e+00   0.0000e+00
 219   0.0000e+00   0.0000e+00   0.0000e+00
 220   0.0000e+00   0.0000e+00   0.0000e+00
 221   0.0000e+00   0.0000e+00   0.0000e+00
 222   0.0000e+00   0.0000e+00   0.0000e+00
 223   0.0000e+00   0.0000e+00   0.0000e+00
 224   0.0000e+00   0.0000e+00   0.0000e+00
 225   0.0000e+00   0.0000e+00   0.0000e+00
 226   0.0000e+00   0.0000e+00   0.0000e+00
 227   0.0000e+00   0.0000e+00   0.0000e+00
 228   0.0000e+00   0.0000e+00   0.0000e+00
 229   0.0000e+00   0.0000e+00   0.0000e+00
 230   0.0000e+00   0.0000e+00   0.0000e+00
 231   0.0000e+00   0.0000e+00   0.0000e+00
 232   0.0000e+00   0.0000e+00   0.0000e+00
 233   0.0000e+00   0.0000e+00   0.0000e+00
 234   0.0000e+00   0.0000e+00   0.0000e+00
 235   0.0000e+00   0.0000e+00   0.0000e+00
 236   0.0000e+00   0.0000e+00   0.0000e+00
 237   0.0000e+00   0.0000e+00   0.0000e+00
 238   0.0000e+00   0.0000e+00   0.0000e+00
 239   0.0000e+00   0.0000e+00   0.0000e+00
 240   0.0000e+00   0.0000e+00   0.0000e+00
 241   0.0000e+00   0.0000e+00   0.0000e+00
 242   0.0000e+00   0.0000e+00   0.0000e+00
 243   0.0000e+00   0.0000e+00   0.0000e+00
 244   0.0000e+00   0.0000e+00   0.0000e+00
 245   0.0000e+00   0.0000e+00   0.0000e+00
 246   0.0000e+00   0.0000e+00   0.0000e+00
 247   0.0000e+00   0.0000e+00   0.0000e+00
 248   0.0000e+00   0.0000e+00   0.0000e+00
 249   0.0000e+00   0.0000e+00   0.0000e+00
 250   0.0000e+00   0.0000e+00   0.0000e+00
 251   0.0000e+00   0.0000e+00   0.0000e+00
 252   0.0000e+00   0.0000e+00   0.0000e+00
 253   0.0000e+00   0.0000e+00   0.0000e+00
 254   0.0000e+00   0.0000e+00   0.0000e+00
 255   0.0000e+00   0.0000e+00   0.0000e+00
 256   0.0000e+00   0.0000e+00   0.0000e+00

Reaction Forces:
================
Node      RX           RY           RZ
----  -----------  -----------  -----------
   1   0.0000e+00   0.0000e+00   0.0000e+00
  34   0.0000e+00   0.0000e+00   0.0000e+00
  67   0.0000e+00   0.0000e+00   0.0000e+00
 100   0.0000e+00   0.0000e+00   0.0000e+00
 133   0.0000e+00   0.0000e+00   0.0000e+00
 166   0.0000e+00   0.0000e+00   0.0000e+00
 199   0.0000e+00   0.0000e+00   0.0000e+00
 232   0.0000e+00   0.0000e+00   0.0000e+00
 265   0.0000e+00   0.0000e+00   0.0000e+00

Analysis Summary:
=================
Solver Information:
  Iterations:     353
  Final residual: 9.732882e-09
  Elapsed time:   0.000 sec
  Status:         SUCCESS

Material Properties:
  Material 1:
    Young's modulus: 2.100000e+11
    Poisson's ratio: 0.300000
    Thickness:       1.000000

