FEM4C - High Performance Finite Element Method in C
Analysis Results
=====================================

Analysis Title: T6 Cantilever Beam
Date/Time:      2025-10-11 01:50:37
Input File:     input.dat

Problem Size:
  Number of nodes:     1105
  Number of elements:  512
  Number of materials: 1
  Total DOF:           2210

Nodal Displacements:
====================
Node      UX           UY           UZ
----  -----------  -----------  -----------
   1   0.0000e+00   0.0000e+00   0.0000e+00
   2  -8.7476e-08  -4.5861e-08   0.0000e+00
   3  -1.7196e-07  -1.3037e-07   0.0000e+00
   4  -2.5426e-07  -2.6702e-07   0.0000e+00
   5  -3.3379e-07  -4.5431e-07   0.0000e+00
   6  -4.1052e-07  -6.9043e-07   0.0000e+00
   7  -4.8446e-07  -9.7364e-07   0.0000e+00
   8  -5.5561e-07  -1.3022e-06   0.0000e+00
   9  -6.2396e-07  -1.6743e-06   0.0000e+00
  10  -6.8953e-07  -2.0883e-06   0.0000e+00
  11  -7.5231e-07  -2.5424e-06   0.0000e+00
  12  -8.1230e-07  -3.0349e-06   0.0000e+00
  13  -8.6950e-07  -3.5640e-06   0.0000e+00
  14  -9.2391e-07  -4.1279e-06   0.0000e+00
  15  -9.7553e-07  -4.7250e-06   0.0000e+00
  16  -1.0244e-06  -5.3535e-06   0.0000e+00
  17  -1.0704e-06  -6.0117e-06   0.0000e+00
  18  -1.1136e-06  -6.6977e-06   0.0000e+00
  19  -1.1541e-06  -7.4099e-06   0.0000e+00
  20  -1.1918e-06  -8.1465e-06   0.0000e+00
  21  -1.2266e-06  -8.9058e-06   0.0000e+00
  22  -1.2587e-06  -9.6860e-06   0.0000e+00
  23  -1.2880e-06  -1.0485e-05   0.0000e+00
  24  -1.3145e-06  -1.1302e-05   0.0000e+00
  25  -1.3383e-06  -1.2135e-05   0.0000e+00
  26  -1.3592e-06  -1.2981e-05   0.0000e+00
  27  -1.3773e-06  -1.3840e-05   0.0000e+00
  28  -1.3927e-06  -1.4709e-05   0.0000e+00
  29  -1.4052e-06  -1.5587e-05   0.0000e+00
  30  -1.4150e-06  -1.6472e-05   0.0000e+00
  31  -1.4220e-06  -1.7362e-05   0.0000e+00
  32  -1.4263e-06  -1.8255e-05   0.0000e+00
  33  -1.4283e-06  -1.9152e-05   0.0000e+00
  34   0.0000e+00   0.0000e+00   0.0000e+00
  35  -6.4335e-08  -3.6908e-08   0.0000e+00
  36  -1.2807e-07  -1.2158e-07   0.0000e+00
  37  -1.8980e-07  -2.5853e-07   0.0000e+00
  38  -2.4944e-07  -4.4611e-07   0.0000e+00
  39  -3.0699e-07  -6.8253e-07   0.0000e+00
  40  -3.6244e-07  -9.6603e-07   0.0000e+00
  41  -4.1581e-07  -1.2949e-06   0.0000e+00
  42  -4.6708e-07  -1.6673e-06   0.0000e+00
  43  -5.1625e-07  -2.0816e-06   0.0000e+00
  44  -5.6334e-07  -2.5360e-06   0.0000e+00
  45  -6.0833e-07  -3.0287e-06   0.0000e+00
  46  -6.5123e-07  -3.5581e-06   0.0000e+00
  47  -6.9203e-07  -4.1224e-06   0.0000e+00
  48  -7.3075e-07  -4.7198e-06   0.0000e+00
  49  -7.6737e-07  -5.3486e-06   0.0000e+00
  50  -8.0190e-07  -6.0070e-06   0.0000e+00
  51  -8.3433e-07  -6.6933e-06   0.0000e+00
  52  -8.6468e-07  -7.4058e-06   0.0000e+00
  53  -8.9293e-07  -8.1427e-06   0.0000e+00
  54  -9.1908e-07  -8.9023e-06   0.0000e+00
  55  -9.4315e-07  -9.6828e-06   0.0000e+00
  56  -9.6512e-07  -1.0482e-05   0.0000e+00
  57  -9.8500e-07  -1.1300e-05   0.0000e+00
  58  -1.0028e-06  -1.2132e-05   0.0000e+00
  59  -1.0185e-06  -1.2979e-05   0.0000e+00
  60  -1.0321e-06  -1.3838e-05   0.0000e+00
  61  -1.0436e-06  -1.4708e-05   0.0000e+00
  62  -1.0530e-06  -1.5586e-05   0.0000e+00
  63  -1.0603e-06  -1.6471e-05   0.0000e+00
  64  -1.0656e-06  -1.7361e-05   0.0000e+00
  65  -1.0687e-06  -1.8255e-05   0.0000e+00
  66  -1.0698e-06  -1.9152e-05   0.0000e+00
  67   0.0000e+00   0.0000e+00   0.0000e+00
  68  -4.1917e-08  -3.0136e-08   0.0000e+00
  69  -8.4905e-08  -1.1525e-07   0.0000e+00
  70  -1.2612e-07  -2.5246e-07   0.0000e+00
  71  -1.6588e-07  -4.4026e-07   0.0000e+00
  72  -2.0425e-07  -6.7688e-07   0.0000e+00
  73  -2.4122e-07  -9.6059e-07   0.0000e+00
  74  -2.7679e-07  -1.2896e-06   0.0000e+00
  75  -3.1097e-07  -1.6623e-06   0.0000e+00
  76  -3.4376e-07  -2.0768e-06   0.0000e+00
  77  -3.7515e-07  -2.5314e-06   0.0000e+00
  78  -4.0514e-07  -3.0244e-06   0.0000e+00
  79  -4.3374e-07  -3.5539e-06   0.0000e+00
  80  -4.6094e-07  -4.1184e-06   0.0000e+00
  81  -4.8675e-07  -4.7160e-06   0.0000e+00
  82  -5.1117e-07  -5.3450e-06   0.0000e+00
  83  -5.3419e-07  -6.0036e-06   0.0000e+00
  84  -5.5581e-07  -6.6902e-06   0.0000e+00
  85  -5.7604e-07  -7.4029e-06   0.0000e+00
  86  -5.9487e-07  -8.1400e-06   0.0000e+00
  87  -6.1231e-07  -8.8998e-06   0.0000e+00
  88  -6.2835e-07  -9.6805e-06   0.0000e+00
  89  -6.4300e-07  -1.0480e-05   0.0000e+00
  90  -6.5626e-07  -1.1298e-05   0.0000e+00
  91  -6.6811e-07  -1.2131e-05   0.0000e+00
  92  -6.7858e-07  -1.2978e-05   0.0000e+00
  93  -6.8765e-07  -1.3837e-05   0.0000e+00
  94  -6.9532e-07  -1.4707e-05   0.0000e+00
  95  -7.0160e-07  -1.5585e-05   0.0000e+00
  96  -7.0648e-07  -1.6470e-05   0.0000e+00
  97  -7.0996e-07  -1.7361e-05   0.0000e+00
  98  -7.1196e-07  -1.8255e-05   0.0000e+00
  99  -7.1259e-07  -1.9151e-05   0.0000e+00
 100   0.0000e+00   0.0000e+00   0.0000e+00
 101  -2.0722e-08  -2.6260e-08   0.0000e+00
 102  -4.2326e-08  -1.1142e-07   0.0000e+00
 103  -6.2960e-08  -2.4882e-07   0.0000e+00
 104  -8.2839e-08  -4.3675e-07   0.0000e+00
 105  -1.0202e-07  -6.7350e-07   0.0000e+00
 106  -1.2050e-07  -9.5733e-07   0.0000e+00
 107  -1.3829e-07  -1.2865e-06   0.0000e+00
 108  -1.5538e-07  -1.6593e-06   0.0000e+00
 109  -1.7177e-07  -2.0739e-06   0.0000e+00
 110  -1.8747e-07  -2.5286e-06   0.0000e+00
 111  -2.0247e-07  -3.0217e-06   0.0000e+00
 112  -2.1677e-07  -3.5514e-06   0.0000e+00
 113  -2.3037e-07  -4.1160e-06   0.0000e+00
 114  -2.4327e-07  -4.7138e-06   0.0000e+00
 115  -2.5548e-07  -5.3429e-06   0.0000e+00
 116  -2.6699e-07  -6.0016e-06   0.0000e+00
 117  -2.7780e-07  -6.6883e-06   0.0000e+00
 118  -2.8792e-07  -7.4011e-06   0.0000e+00
 119  -2.9733e-07  -8.1384e-06   0.0000e+00
 120  -3.0605e-07  -8.8983e-06   0.0000e+00
 121  -3.1407e-07  -9.6791e-06   0.0000e+00
 122  -3.2140e-07  -1.0479e-05   0.0000e+00
 123  -3.2802e-07  -1.1297e-05   0.0000e+00
 124  -3.3395e-07  -1.2130e-05   0.0000e+00
 125  -3.3919e-07  -1.2977e-05   0.0000e+00
 126  -3.4372e-07  -1.3836e-05   0.0000e+00
 127  -3.4756e-07  -1.4706e-05   0.0000e+00
 128  -3.5069e-07  -1.5584e-05   0.0000e+00
 129  -3.5314e-07  -1.6470e-05   0.0000e+00
 130  -3.5487e-07  -1.7361e-05   0.0000e+00
 131  -3.5583e-07  -1.8255e-05   0.0000e+00
 132  -3.5614e-07  -1.9150e-05   0.0000e+00
 133   0.0000e+00   0.0000e+00   0.0000e+00
 134  -3.6857e-11  -2.4983e-08   0.0000e+00
 135  -7.0952e-11  -1.1013e-07   0.0000e+00
 136  -5.8264e-11  -2.4761e-07   0.0000e+00
 137  -5.1191e-11  -4.3558e-07   0.0000e+00
 138  -4.9488e-11  -6.7237e-07   0.0000e+00
 139  -4.9284e-11  -9.5624e-07   0.0000e+00
 140  -4.9325e-11  -1.2855e-06   0.0000e+00
 141  -4.9357e-11  -1.6583e-06   0.0000e+00
 142  -4.9367e-11  -2.0729e-06   0.0000e+00
 143  -4.9369e-11  -2.5277e-06   0.0000e+00
 144  -4.9369e-11  -3.0208e-06   0.0000e+00
 145  -4.9368e-11  -3.5506e-06   0.0000e+00
 146  -4.9368e-11  -4.1152e-06   0.0000e+00
 147  -4.9368e-11  -4.7130e-06   0.0000e+00
 148  -4.9368e-11  -5.3422e-06   0.0000e+00
 149  -4.9368e-11  -6.0010e-06   0.0000e+00
 150  -4.9368e-11  -6.6877e-06   0.0000e+00
 151  -4.9368e-11  -7.4005e-06   0.0000e+00
 152  -4.9368e-11  -8.1378e-06   0.0000e+00
 153  -4.9368e-11  -8.8978e-06   0.0000e+00
 154  -4.9368e-11  -9.6786e-06   0.0000e+00
 155  -4.9368e-11  -1.0479e-05   0.0000e+00
 156  -4.9368e-11  -1.1296e-05   0.0000e+00
 157  -4.9369e-11  -1.2129e-05   0.0000e+00
 158  -4.9371e-11  -1.2977e-05   0.0000e+00
 159  -4.9373e-11  -1.3836e-05   0.0000e+00
 160  -4.9359e-11  -1.4706e-05   0.0000e+00
 161  -4.9262e-11  -1.5584e-05   0.0000e+00
 162  -4.8889e-11  -1.6470e-05   0.0000e+00
 163  -4.7984e-11  -1.7360e-05   0.0000e+00
 164  -4.8775e-11  -1.8255e-05   0.0000e+00
 165  -5.0690e-11  -1.9150e-05   0.0000e+00
 166   0.0000e+00   0.0000e+00   0.0000e+00
 167   2.0638e-08  -2.6155e-08   0.0000e+00
 168   4.2186e-08  -1.1141e-07   0.0000e+00
 169   6.2848e-08  -2.4883e-07   0.0000e+00
 170   8.2738e-08  -4.3675e-07   0.0000e+00
 171   1.0192e-07  -6.7350e-07   0.0000e+00
 172   1.2041e-07  -9.5733e-07   0.0000e+00
 173   1.3819e-07  -1.2865e-06   0.0000e+00
 174   1.5528e-07  -1.6593e-06   0.0000e+00
 175   1.7168e-07  -2.0739e-06   0.0000e+00
 176   1.8737e-07  -2.5286e-06   0.0000e+00
 177   2.0237e-07  -3.0217e-06   0.0000e+00
 178   2.1667e-07  -3.5514e-06   0.0000e+00
 179   2.3027e-07  -4.1160e-06   0.0000e+00
 180   2.4317e-07  -4.7138e-06   0.0000e+00
 181   2.5538e-07  -5.3429e-06   0.0000e+00
 182   2.6689e-07  -6.0016e-06   0.0000e+00
 183   2.7770e-07  -6.6883e-06   0.0000e+00
 184   2.8782e-07  -7.4011e-06   0.0000e+00
 185   2.9723e-07  -8.1384e-06   0.0000e+00
 186   3.0595e-07  -8.8983e-06   0.0000e+00
 187   3.1397e-07  -9.6791e-06   0.0000e+00
 188   3.2130e-07  -1.0479e-05   0.0000e+00
 189   3.2793e-07  -1.1297e-05   0.0000e+00
 190   3.3385e-07  -1.2130e-05   0.0000e+00
 191   3.3909e-07  -1.2977e-05   0.0000e+00
 192   3.4362e-07  -1.3836e-05   0.0000e+00
 193   3.4746e-07  -1.4706e-05   0.0000e+00
 194   3.5060e-07  -1.5584e-05   0.0000e+00
 195   3.5304e-07  -1.6470e-05   0.0000e+00
 196   3.5477e-07  -1.7361e-05   0.0000e+00
 197   3.5574e-07  -1.8255e-05   0.0000e+00
 198   3.5604e-07  -1.9150e-05   0.0000e+00
 199   0.0000e+00   0.0000e+00   0.0000e+00
 200   4.1773e-08  -2.9857e-08   0.0000e+00
 201   8.4792e-08  -1.1525e-07   0.0000e+00
 202   1.2602e-07  -2.5248e-07   0.0000e+00
 203   1.6578e-07  -4.4027e-07   0.0000e+00
 204   2.0415e-07  -6.7689e-07   0.0000e+00
 205   2.4112e-07  -9.6060e-07   0.0000e+00
 206   2.7669e-07  -1.2896e-06   0.0000e+00
 207   3.1087e-07  -1.6623e-06   0.0000e+00
 208   3.4366e-07  -2.0768e-06   0.0000e+00
 209   3.7505e-07  -2.5314e-06   0.0000e+00
 210   4.0504e-07  -3.0244e-06   0.0000e+00
 211   4.3364e-07  -3.5540e-06   0.0000e+00
 212   4.6085e-07  -4.1184e-06   0.0000e+00
 213   4.8665e-07  -4.7160e-06   0.0000e+00
 214   5.1107e-07  -5.3450e-06   0.0000e+00
 215   5.3409e-07  -6.0037e-06   0.0000e+00
 216   5.5571e-07  -6.6902e-06   0.0000e+00
 217   5.7594e-07  -7.4029e-06   0.0000e+00
 218   5.9477e-07  -8.1400e-06   0.0000e+00
 219   6.1221e-07  -8.8998e-06   0.0000e+00
 220   6.2826e-07  -9.6805e-06   0.0000e+00
 221   6.4290e-07  -1.0480e-05   0.0000e+00
 222   6.5616e-07  -1.1298e-05   0.0000e+00
 223   6.6802e-07  -1.2131e-05   0.0000e+00
 224   6.7848e-07  -1.2978e-05   0.0000e+00
 225   6.8755e-07  -1.3837e-05   0.0000e+00
 226   6.9522e-07  -1.4707e-05   0.0000e+00
 227   7.0150e-07  -1.5585e-05   0.0000e+00
 228   7.0638e-07  -1.6470e-05   0.0000e+00
 229   7.0986e-07  -1.7361e-05   0.0000e+00
 230   7.1186e-07  -1.8255e-05   0.0000e+00
 231   7.1249e-07  -1.9151e-05   0.0000e+00
 232   0.0000e+00   0.0000e+00   0.0000e+00
 233   6.3978e-08  -3.6343e-08   0.0000e+00
 234   1.2801e-07  -1.2160e-07   0.0000e+00
 235   1.8971e-07  -2.5856e-07   0.0000e+00
 236   2.4934e-07  -4.4613e-07   0.0000e+00
 237   3.0689e-07  -6.8254e-07   0.0000e+00
 238   3.6234e-07  -9.6604e-07   0.0000e+00
 239   4.1571e-07  -1.2949e-06   0.0000e+00
 240   4.6698e-07  -1.6673e-06   0.0000e+00
 241   5.1615e-07  -2.0816e-06   0.0000e+00
 242   5.6324e-07  -2.5360e-06   0.0000e+00
 243   6.0823e-07  -3.0288e-06   0.0000e+00
 244   6.5113e-07  -3.5581e-06   0.0000e+00
 245   6.9193e-07  -4.1224e-06   0.0000e+00
 246   7.3065e-07  -4.7198e-06   0.0000e+00
 247   7.6727e-07  -5.3486e-06   0.0000e+00
 248   8.0180e-07  -6.0070e-06   0.0000e+00
 249   8.3423e-07  -6.6933e-06   0.0000e+00
 250   8.6458e-07  -7.4058e-06   0.0000e+00
 251   8.9283e-07  -8.1427e-06   0.0000e+00
 252   9.1899e-07  -8.9023e-06   0.0000e+00
 253   9.4305e-07  -9.6828e-06   0.0000e+00
 254   9.6502e-07  -1.0482e-05   0.0000e+00
 255   9.8490e-07  -1.1300e-05   0.0000e+00
 256   1.0027e-06  -1.2132e-05   0.0000e+00
 257   1.0184e-06  -1.2979e-05   0.0000e+00
 258   1.0320e-06  -1.3838e-05   0.0000e+00
 259   1.0435e-06  -1.4708e-05   0.0000e+00
 260   1.0529e-06  -1.5586e-05   0.0000e+00
 261   1.0602e-06  -1.6471e-05   0.0000e+00
 262   1.0655e-06  -1.7361e-05   0.0000e+00
 263   1.0686e-06  -1.8255e-05   0.0000e+00
 264   1.0697e-06  -1.9152e-05   0.0000e+00
 265   0.0000e+00   0.0000e+00   0.0000e+00
 266   8.7981e-08  -4.5707e-08   0.0000e+00
 267   1.7191e-07  -1.3036e-07   0.0000e+00
 268   2.5417e-07  -2.6706e-07   0.0000e+00
 269   3.3369e-07  -4.5434e-07   0.0000e+00
 270   4.1042e-07  -6.9046e-07   0.0000e+00
 271   4.8436e-07  -9.7367e-07   0.0000e+00
 272   5.5551e-07  -1.3022e-06   0.0000e+00
 273   6.2387e-07  -1.6744e-06   0.0000e+00
 274   6.8944e-07  -2.0883e-06   0.0000e+00
 275   7.5221e-07  -2.5425e-06   0.0000e+00
 276   8.1220e-07  -3.0349e-06   0.0000e+00
 277   8.6940e-07  -3.5640e-06   0.0000e+00
 278   9.2381e-07  -4.1280e-06   0.0000e+00
 279   9.7543e-07  -4.7251e-06   0.0000e+00
 280   1.0243e-06  -5.3536e-06   0.0000e+00
 281   1.0703e-06  -6.0117e-06   0.0000e+00
 282   1.1135e-06  -6.6977e-06   0.0000e+00
 283   1.1540e-06  -7.4099e-06   0.0000e+00
 284   1.1917e-06  -8.1465e-06   0.0000e+00
 285   1.2265e-06  -8.9058e-06   0.0000e+00
 286   1.2586e-06  -9.6860e-06   0.0000e+00
 287   1.2879e-06  -1.0485e-05   0.0000e+00
 288   1.3144e-06  -1.1302e-05   0.0000e+00
 289   1.3382e-06  -1.2135e-05   0.0000e+00
 290   1.3591e-06  -1.2981e-05   0.0000e+00
 291   1.3772e-06  -1.3840e-05   0.0000e+00
 292   1.3926e-06  -1.4709e-05   0.0000e+00
 293   1.4051e-06  -1.5587e-05   0.0000e+00
 294   1.4149e-06  -1.6472e-05   0.0000e+00
 295   1.4219e-06  -1.7362e-05   0.0000e+00
 296   1.4262e-06  -1.8255e-05   0.0000e+00
 297   1.4282e-06  -1.9152e-05   0.0000e+00
 298  -4.5864e-08  -2.0974e-08   0.0000e+00
 299  -7.5755e-08  -4.1118e-08   0.0000e+00
 300  -3.7603e-08  -1.6065e-08   0.0000e+00
 301  -3.1103e-08  -1.2367e-08   0.0000e+00
 302   0.0000e+00   0.0000e+00   0.0000e+00
 303  -1.2991e-07  -8.1556e-08   0.0000e+00
 304  -1.4991e-07  -1.2567e-07   0.0000e+00
 305  -1.1307e-07  -7.6797e-08   0.0000e+00
 306  -9.6434e-08  -7.2641e-08   0.0000e+00
 307  -2.1342e-07  -1.9227e-07   0.0000e+00
 308  -2.2191e-07  -2.6247e-07   0.0000e+00
 309  -1.8620e-07  -1.8764e-07   0.0000e+00
 310  -1.5919e-07  -1.8362e-07   0.0000e+00
 311  -2.9434e-07  -3.5447e-07   0.0000e+00
 312  -2.9150e-07  -4.4992e-07   0.0000e+00
 313  -2.5700e-07  -3.5000e-07   0.0000e+00
 314  -2.1988e-07  -3.4612e-07   0.0000e+00
 315  -3.7247e-07  -5.6640e-07   0.0000e+00
 316  -3.5864e-07  -6.8620e-07   0.0000e+00
 317  -3.2536e-07  -5.6208e-07   0.0000e+00
 318  -2.7847e-07  -5.5834e-07   0.0000e+00
 319  -4.4781e-07  -8.2628e-07   0.0000e+00
 320  -4.2333e-07  -9.6956e-07   0.0000e+00
 321  -3.9128e-07  -8.2212e-07   0.0000e+00
 322  -3.3498e-07  -8.1851e-07   0.0000e+00
 323  -5.2035e-07  -1.1324e-06   0.0000e+00
 324  -4.8559e-07  -1.2983e-06   0.0000e+00
 325  -4.5476e-07  -1.1284e-06   0.0000e+00
 326  -3.8938e-07  -1.1249e-06   0.0000e+00
 327  -5.9011e-07  -1.4829e-06   0.0000e+00
 328  -5.4540e-07  -1.6706e-06   0.0000e+00
 329  -5.1579e-07  -1.4791e-06   0.0000e+00
 330  -4.4170e-07  -1.4758e-06   0.0000e+00
 331  -6.5707e-07  -1.8762e-06   0.0000e+00
 332  -6.0278e-07  -2.0847e-06   0.0000e+00
 333  -5.7439e-07  -1.8725e-06   0.0000e+00
 334  -4.9192e-07  -1.8693e-06   0.0000e+00
 335  -7.2125e-07  -2.3105e-06   0.0000e+00
 336  -6.5771e-07  -2.5390e-06   0.0000e+00
 337  -6.3054e-07  -2.3070e-06   0.0000e+00
 338  -5.4005e-07  -2.3039e-06   0.0000e+00
 339  -7.8263e-07  -2.7840e-06   0.0000e+00
 340  -7.1020e-07  -3.0316e-06   0.0000e+00
 341  -6.8425e-07  -2.7806e-06   0.0000e+00
 342  -5.8609e-07  -2.7777e-06   0.0000e+00
 343  -8.4122e-07  -3.2950e-06   0.0000e+00
 344  -7.6025e-07  -3.5608e-06   0.0000e+00
 345  -7.3552e-07  -3.2918e-06   0.0000e+00
 346  -6.3004e-07  -3.2890e-06   0.0000e+00
 347  -8.9703e-07  -3.8417e-06   0.0000e+00
 348  -8.0786e-07  -4.1250e-06   0.0000e+00
 349  -7.8435e-07  -3.8387e-06   0.0000e+00
 350  -6.7189e-07  -3.8360e-06   0.0000e+00
 351  -9.5004e-07  -4.4225e-06   0.0000e+00
 352  -8.5302e-07  -4.7222e-06   0.0000e+00
 353  -8.3074e-07  -4.4196e-06   0.0000e+00
 354  -7.1165e-07  -4.4171e-06   0.0000e+00
 355  -1.0003e-06  -5.0355e-06   0.0000e+00
 356  -8.9575e-07  -5.3509e-06   0.0000e+00
 357  -8.7468e-07  -5.0327e-06   0.0000e+00
 358  -7.4932e-07  -5.0304e-06   0.0000e+00
 359  -1.0477e-06  -5.6790e-06   0.0000e+00
 360  -9.3603e-07  -6.0092e-06   0.0000e+00
 361  -9.1619e-07  -5.6764e-06   0.0000e+00
 362  -7.8489e-07  -5.6742e-06   0.0000e+00
 363  -1.0923e-06  -6.3513e-06   0.0000e+00
 364  -9.7387e-07  -6.6954e-06   0.0000e+00
 365  -9.5525e-07  -6.3489e-06   0.0000e+00
 366  -8.1837e-07  -6.3468e-06   0.0000e+00
 367  -1.1342e-06  -7.0507e-06   0.0000e+00
 368  -1.0093e-06  -7.4077e-06   0.0000e+00
 369  -9.9187e-07  -7.0484e-06   0.0000e+00
 370  -8.4976e-07  -7.0464e-06   0.0000e+00
 371  -1.1733e-06  -7.7753e-06   0.0000e+00
 372  -1.0422e-06  -8.1445e-06   0.0000e+00
 373  -1.0260e-06  -7.7732e-06   0.0000e+00
 374  -8.7906e-07  -7.7713e-06   0.0000e+00
 375  -1.2095e-06  -8.5234e-06   0.0000e+00
 376  -1.0727e-06  -8.9039e-06   0.0000e+00
 377  -1.0578e-06  -8.5215e-06   0.0000e+00
 378  -9.0627e-07  -8.5198e-06   0.0000e+00
 379  -1.2430e-06  -9.2934e-06   0.0000e+00
 380  -1.1008e-06  -9.6843e-06   0.0000e+00
 381  -1.0871e-06  -9.2916e-06   0.0000e+00
 382  -9.3138e-07  -9.2900e-06   0.0000e+00
 383  -1.2737e-06  -1.0083e-05   0.0000e+00
 384  -1.1265e-06  -1.0484e-05   0.0000e+00
 385  -1.1139e-06  -1.0082e-05   0.0000e+00
 386  -9.5440e-07  -1.0080e-05   0.0000e+00
 387  -1.3016e-06  -1.0892e-05   0.0000e+00
 388  -1.1497e-06  -1.1301e-05   0.0000e+00
 389  -1.1384e-06  -1.0890e-05   0.0000e+00
 390  -9.7532e-07  -1.0889e-05   0.0000e+00
 391  -1.3267e-06  -1.1717e-05   0.0000e+00
 392  -1.1704e-06  -1.2133e-05   0.0000e+00
 393  -1.1603e-06  -1.1715e-05   0.0000e+00
 394  -9.9416e-07  -1.1714e-05   0.0000e+00
 395  -1.3490e-06  -1.2556e-05   0.0000e+00
 396  -1.1887e-06  -1.2980e-05   0.0000e+00
 397  -1.1799e-06  -1.2555e-05   0.0000e+00
 398  -1.0109e-06  -1.2554e-05   0.0000e+00
 399  -1.3686e-06  -1.3409e-05   0.0000e+00
 400  -1.2046e-06  -1.3839e-05   0.0000e+00
 401  -1.1969e-06  -1.3408e-05   0.0000e+00
 402  -1.0255e-06  -1.3407e-05   0.0000e+00
 403  -1.3853e-06  -1.4273e-05   0.0000e+00
 404  -1.2180e-06  -1.4708e-05   0.0000e+00
 405  -1.2116e-06  -1.4272e-05   0.0000e+00
 406  -1.0381e-06  -1.4272e-05   0.0000e+00
 407  -1.3993e-06  -1.5147e-05   0.0000e+00
 408  -1.2290e-06  -1.5586e-05   0.0000e+00
 409  -1.2238e-06  -1.5146e-05   0.0000e+00
 410  -1.0486e-06  -1.5146e-05   0.0000e+00
 411  -1.4104e-06  -1.6029e-05   0.0000e+00
 412  -1.2375e-06  -1.6471e-05   0.0000e+00
 413  -1.2336e-06  -1.6028e-05   0.0000e+00
 414  -1.0569e-06  -1.6028e-05   0.0000e+00
 415  -1.4188e-06  -1.6916e-05   0.0000e+00
 416  -1.2437e-06  -1.7361e-05   0.0000e+00
 417  -1.2409e-06  -1.6916e-05   0.0000e+00
 418  -1.0632e-06  -1.6915e-05   0.0000e+00
 419  -1.4244e-06  -1.7808e-05   0.0000e+00
 420  -1.2474e-06  -1.8255e-05   0.0000e+00
 421  -1.2458e-06  -1.7808e-05   0.0000e+00
 422  -1.0674e-06  -1.7808e-05   0.0000e+00
 423  -1.4275e-06  -1.8703e-05   0.0000e+00
 424  -1.2489e-06  -1.9152e-05   0.0000e+00
 425  -1.2484e-06  -1.8703e-05   0.0000e+00
 426  -1.0694e-06  -1.8703e-05   0.0000e+00
 427  -5.2866e-08  -3.3149e-08   0.0000e+00
 428  -2.5364e-08  -9.5772e-09   0.0000e+00
 429  -2.0024e-08  -7.4787e-09   0.0000e+00
 430   0.0000e+00   0.0000e+00   0.0000e+00
 431  -1.0640e-07  -1.1811e-07   0.0000e+00
 432  -7.9961e-08  -6.9099e-08   0.0000e+00
 433  -6.3671e-08  -6.6153e-08   0.0000e+00
 434  -1.5788e-07  -2.5520e-07   0.0000e+00
 435  -1.3237e-07  -1.8022e-07   0.0000e+00
 436  -1.0570e-07  -1.7743e-07   0.0000e+00
 437  -2.0758e-07  -4.4289e-07   0.0000e+00
 438  -1.8295e-07  -3.4284e-07   0.0000e+00
 439  -1.4618e-07  -3.4015e-07   0.0000e+00
 440  -2.5554e-07  -6.7942e-07   0.0000e+00
 441  -2.3178e-07  -5.5517e-07   0.0000e+00
 442  -1.8524e-07  -5.5258e-07   0.0000e+00
 443  -3.0175e-07  -9.6304e-07   0.0000e+00
 444  -2.7886e-07  -8.1546e-07   0.0000e+00
 445  -2.2291e-07  -8.1296e-07   0.0000e+00
 446  -3.4622e-07  -1.2920e-06   0.0000e+00
 447  -3.2420e-07  -1.1220e-06   0.0000e+00
 448  -2.5918e-07  -1.1196e-06   0.0000e+00
 449  -3.8894e-07  -1.6645e-06   0.0000e+00
 450  -3.6780e-07  -1.4729e-06   0.0000e+00
 451  -2.9406e-07  -1.4706e-06   0.0000e+00
 452  -4.2992e-07  -2.0789e-06   0.0000e+00
 453  -4.0965e-07  -1.8666e-06   0.0000e+00
 454  -3.2754e-07  -1.8644e-06   0.0000e+00
 455  -4.6916e-07  -2.5335e-06   0.0000e+00
 456  -4.4976e-07  -2.3013e-06   0.0000e+00
 457  -3.5962e-07  -2.2992e-06   0.0000e+00
 458  -5.0665e-07  -3.0263e-06   0.0000e+00
 459  -4.8812e-07  -2.7752e-06   0.0000e+00
 460  -3.9032e-07  -2.7732e-06   0.0000e+00
 461  -5.4240e-07  -3.5558e-06   0.0000e+00
 462  -5.2475e-07  -3.2866e-06   0.0000e+00
 463  -4.1961e-07  -3.2847e-06   0.0000e+00
 464  -5.7641e-07  -4.1202e-06   0.0000e+00
 465  -5.5962e-07  -3.8338e-06   0.0000e+00
 466  -4.4752e-07  -3.8319e-06   0.0000e+00
 467  -6.0867e-07  -4.7177e-06   0.0000e+00
 468  -5.9276e-07  -4.4149e-06   0.0000e+00
 469  -4.7402e-07  -4.4132e-06   0.0000e+00
 470  -6.3919e-07  -5.3466e-06   0.0000e+00
 471  -6.2415e-07  -5.0284e-06   0.0000e+00
 472  -4.9913e-07  -5.0267e-06   0.0000e+00
 473  -6.6796e-07  -6.0052e-06   0.0000e+00
 474  -6.5379e-07  -5.6723e-06   0.0000e+00
 475  -5.2285e-07  -5.6707e-06   0.0000e+00
 476  -6.9499e-07  -6.6916e-06   0.0000e+00
 477  -6.8169e-07  -6.3450e-06   0.0000e+00
 478  -5.4517e-07  -6.3435e-06   0.0000e+00
 479  -7.2028e-07  -7.4042e-06   0.0000e+00
 480  -7.0785e-07  -7.0447e-06   0.0000e+00
 481  -5.6610e-07  -7.0434e-06   0.0000e+00
 482  -7.4382e-07  -8.1412e-06   0.0000e+00
 483  -7.3227e-07  -7.7698e-06   0.0000e+00
 484  -5.8563e-07  -7.7685e-06   0.0000e+00
 485  -7.6562e-07  -8.9009e-06   0.0000e+00
 486  -7.5494e-07  -8.5183e-06   0.0000e+00
 487  -6.0377e-07  -8.5172e-06   0.0000e+00
 488  -7.8567e-07  -9.6815e-06   0.0000e+00
 489  -7.7586e-07  -9.2887e-06   0.0000e+00
 490  -6.2051e-07  -9.2876e-06   0.0000e+00
 491  -8.0398e-07  -1.0481e-05   0.0000e+00
 492  -7.9504e-07  -1.0079e-05   0.0000e+00
 493  -6.3585e-07  -1.0078e-05   0.0000e+00
 494  -8.2055e-07  -1.1299e-05   0.0000e+00
 495  -8.1248e-07  -1.0888e-05   0.0000e+00
 496  -6.4980e-07  -1.0887e-05   0.0000e+00
 497  -8.3537e-07  -1.2131e-05   0.0000e+00
 498  -8.2818e-07  -1.1713e-05   0.0000e+00
 499  -6.6236e-07  -1.1712e-05   0.0000e+00
 500  -8.4845e-07  -1.2978e-05   0.0000e+00
 501  -8.4213e-07  -1.2553e-05   0.0000e+00
 502  -6.7352e-07  -1.2553e-05   0.0000e+00
 503  -8.5979e-07  -1.3837e-05   0.0000e+00
 504  -8.5434e-07  -1.3406e-05   0.0000e+00
 505  -6.8329e-07  -1.3406e-05   0.0000e+00
 506  -8.6938e-07  -1.4707e-05   0.0000e+00
 507  -8.6480e-07  -1.4271e-05   0.0000e+00
 508  -6.9166e-07  -1.4271e-05   0.0000e+00
 509  -8.7722e-07  -1.5585e-05   0.0000e+00
 510  -8.7352e-07  -1.5145e-05   0.0000e+00
 511  -6.9863e-07  -1.5145e-05   0.0000e+00
 512  -8.8333e-07  -1.6471e-05   0.0000e+00
 513  -8.8049e-07  -1.6027e-05   0.0000e+00
 514  -7.0421e-07  -1.6027e-05   0.0000e+00
 515  -8.8768e-07  -1.7361e-05   0.0000e+00
 516  -8.8572e-07  -1.6915e-05   0.0000e+00
 517  -7.0840e-07  -1.6915e-05   0.0000e+00
 518  -8.9023e-07  -1.8255e-05   0.0000e+00
 519  -8.8919e-07  -1.7808e-05   0.0000e+00
 520  -7.1115e-07  -1.7808e-05   0.0000e+00
 521  -8.9109e-07  -1.9151e-05   0.0000e+00
 522  -8.9080e-07  -1.8703e-05   0.0000e+00
 523  -7.1237e-07  -1.8703e-05   0.0000e+00
 524  -3.1191e-08  -2.7874e-08   0.0000e+00
 525  -1.4881e-08  -5.9502e-09   0.0000e+00
 526  -9.8625e-09  -4.9045e-09   0.0000e+00
 527   0.0000e+00   0.0000e+00   0.0000e+00
 528  -6.3553e-08  -1.1303e-07   0.0000e+00
 529  -4.7566e-08  -6.3851e-08   0.0000e+00
 530  -3.1634e-08  -6.2197e-08   0.0000e+00
 531  -9.4492e-08  -2.5034e-07   0.0000e+00
 532  -7.9173e-08  -1.7526e-07   0.0000e+00
 533  -5.2747e-08  -1.7370e-07   0.0000e+00
 534  -1.2431e-07  -4.3821e-07   0.0000e+00
 535  -1.0953e-07  -3.3806e-07   0.0000e+00
 536  -7.2988e-08  -3.3657e-07   0.0000e+00
 537  -1.5309e-07  -6.7491e-07   0.0000e+00
 538  -1.3883e-07  -5.5057e-07   0.0000e+00
 539  -9.2516e-08  -5.4913e-07   0.0000e+00
 540  -1.8081e-07  -9.5869e-07   0.0000e+00
 541  -1.6708e-07  -8.1102e-07   0.0000e+00
 542  -1.1135e-07  -8.0964e-07   0.0000e+00
 543  -2.0749e-07  -1.2878e-06   0.0000e+00
 544  -1.9428e-07  -1.1177e-06   0.0000e+00
 545  -1.2949e-07  -1.1164e-06   0.0000e+00
 546  -2.3313e-07  -1.6605e-06   0.0000e+00
 547  -2.2044e-07  -1.4688e-06   0.0000e+00
 548  -1.4692e-07  -1.4675e-06   0.0000e+00
 549  -2.5772e-07  -2.0751e-06   0.0000e+00
 550  -2.4555e-07  -1.8627e-06   0.0000e+00
 551  -1.6367e-07  -1.8615e-06   0.0000e+00
 552  -2.8126e-07  -2.5298e-06   0.0000e+00
 553  -2.6962e-07  -2.2975e-06   0.0000e+00
 554  -1.7971e-07  -2.2964e-06   0.0000e+00
 555  -3.0376e-07  -3.0228e-06   0.0000e+00
 556  -2.9264e-07  -2.7716e-06   0.0000e+00
 557  -1.9505e-07  -2.7705e-06   0.0000e+00
 558  -3.2520e-07  -3.5525e-06   0.0000e+00
 559  -3.1461e-07  -3.2832e-06   0.0000e+00
 560  -2.0970e-07  -3.2821e-06   0.0000e+00
 561  -3.4561e-07  -4.1170e-06   0.0000e+00
 562  -3.3554e-07  -3.8305e-06   0.0000e+00
 563  -2.2365e-07  -3.8295e-06   0.0000e+00
 564  -3.6496e-07  -4.7147e-06   0.0000e+00
 565  -3.5542e-07  -4.4118e-06   0.0000e+00
 566  -2.3691e-07  -4.4109e-06   0.0000e+00
 567  -3.8328e-07  -5.3438e-06   0.0000e+00
 568  -3.7425e-07  -5.0254e-06   0.0000e+00
 569  -2.4946e-07  -5.0245e-06   0.0000e+00
 570  -4.0054e-07  -6.0025e-06   0.0000e+00
 571  -3.9204e-07  -5.6695e-06   0.0000e+00
 572  -2.6132e-07  -5.6687e-06   0.0000e+00
 573  -4.1676e-07  -6.6891e-06   0.0000e+00
 574  -4.0878e-07  -6.3424e-06   0.0000e+00
 575  -2.7248e-07  -6.3416e-06   0.0000e+00
 576  -4.3193e-07  -7.4019e-06   0.0000e+00
 577  -4.2447e-07  -7.0423e-06   0.0000e+00
 578  -2.8295e-07  -7.0416e-06   0.0000e+00
 579  -4.4605e-07  -8.1390e-06   0.0000e+00
 580  -4.3912e-07  -7.7675e-06   0.0000e+00
 581  -2.9271e-07  -7.7668e-06   0.0000e+00
 582  -4.5913e-07  -8.8989e-06   0.0000e+00
 583  -4.5272e-07  -8.5162e-06   0.0000e+00
 584  -3.0178e-07  -8.5156e-06   0.0000e+00
 585  -4.7117e-07  -9.6797e-06   0.0000e+00
 586  -4.6528e-07  -9.2868e-06   0.0000e+00
 587  -3.1015e-07  -9.2862e-06   0.0000e+00
 588  -4.8215e-07  -1.0480e-05   0.0000e+00
 589  -4.7679e-07  -1.0077e-05   0.0000e+00
 590  -3.1782e-07  -1.0077e-05   0.0000e+00
 591  -4.9209e-07  -1.1297e-05   0.0000e+00
 592  -4.8725e-07  -1.0886e-05   0.0000e+00
 593  -3.2480e-07  -1.0886e-05   0.0000e+00
 594  -5.0099e-07  -1.2130e-05   0.0000e+00
 595  -4.9667e-07  -1.1712e-05   0.0000e+00
 596  -3.3108e-07  -1.1711e-05   0.0000e+00
 597  -5.0883e-07  -1.2977e-05   0.0000e+00
 598  -5.0504e-07  -1.2552e-05   0.0000e+00
 599  -3.3666e-07  -1.2552e-05   0.0000e+00
 600  -5.1563e-07  -1.3836e-05   0.0000e+00
 601  -5.1236e-07  -1.3405e-05   0.0000e+00
 602  -3.4154e-07  -1.3405e-05   0.0000e+00
 603  -5.2139e-07  -1.4706e-05   0.0000e+00
 604  -5.1864e-07  -1.4270e-05   0.0000e+00
 605  -3.4572e-07  -1.4270e-05   0.0000e+00
 606  -5.2610e-07  -1.5585e-05   0.0000e+00
 607  -5.2387e-07  -1.5144e-05   0.0000e+00
 608  -3.4921e-07  -1.5144e-05   0.0000e+00
 609  -5.2976e-07  -1.6470e-05   0.0000e+00
 610  -5.2806e-07  -1.6027e-05   0.0000e+00
 611  -3.5200e-07  -1.6026e-05   0.0000e+00
 612  -5.3236e-07  -1.7361e-05   0.0000e+00
 613  -5.3119e-07  -1.6915e-05   0.0000e+00
 614  -3.5409e-07  -1.6915e-05   0.0000e+00
 615  -5.3383e-07  -1.8255e-05   0.0000e+00
 616  -5.3325e-07  -1.7807e-05   0.0000e+00
 617  -3.5545e-07  -1.7807e-05   0.0000e+00
 618  -5.3430e-07  -1.9151e-05   0.0000e+00
 619  -5.3413e-07  -1.8703e-05   0.0000e+00
 620  -3.5603e-07  -1.8703e-05   0.0000e+00
 621  -1.0330e-08  -2.5329e-08   0.0000e+00
 622  -4.8964e-09  -4.2952e-09   0.0000e+00
 623   3.6412e-11  -4.0909e-09   0.0000e+00
 624   0.0000e+00   0.0000e+00   0.0000e+00
 625  -2.1172e-08  -1.1046e-07   0.0000e+00
 626  -1.5808e-08  -6.1202e-08   0.0000e+00
 627  -5.3282e-11  -6.0859e-08   0.0000e+00
 628  -3.1494e-08  -2.4791e-07   0.0000e+00
 629  -2.6389e-08  -1.7277e-07   0.0000e+00
 630  -6.6215e-11  -1.7245e-07   0.0000e+00
 631  -4.1429e-08  -4.3587e-07   0.0000e+00
 632  -3.6505e-08  -3.3568e-07   0.0000e+00
 633  -5.3789e-11  -3.3538e-07   0.0000e+00
 634  -5.1019e-08  -6.7265e-07   0.0000e+00
 635  -4.6267e-08  -5.4826e-07   0.0000e+00
 636  -5.0004e-11  -5.4798e-07   0.0000e+00
 637  -6.0261e-08  -9.5651e-07   0.0000e+00
 638  -5.5683e-08  -8.0880e-07   0.0000e+00
 639  -4.9315e-11  -8.0853e-07   0.0000e+00
 640  -6.9155e-08  -1.2857e-06   0.0000e+00
 641  -6.4751e-08  -1.1156e-06   0.0000e+00
 642  -4.9300e-11  -1.1153e-06   0.0000e+00
 643  -7.7700e-08  -1.6585e-06   0.0000e+00
 644  -7.3471e-08  -1.4668e-06   0.0000e+00
 645  -4.9344e-11  -1.4665e-06   0.0000e+00
 646  -8.5896e-08  -2.0732e-06   0.0000e+00
 647  -8.1841e-08  -1.8607e-06   0.0000e+00
 648  -4.9364e-11  -1.8605e-06   0.0000e+00
 649  -9.3743e-08  -2.5279e-06   0.0000e+00
 650  -8.9863e-08  -2.2956e-06   0.0000e+00
 651  -4.9368e-11  -2.2954e-06   0.0000e+00
 652  -1.0124e-07  -3.0211e-06   0.0000e+00
 653  -9.7536e-08  -2.7698e-06   0.0000e+00
 654  -4.9369e-11  -2.7696e-06   0.0000e+00
 655  -1.0839e-07  -3.5508e-06   0.0000e+00
 656  -1.0486e-07  -3.2815e-06   0.0000e+00
 657  -4.9368e-11  -3.2813e-06   0.0000e+00
 658  -1.1519e-07  -4.1154e-06   0.0000e+00
 659  -1.1184e-07  -3.8289e-06   0.0000e+00
 660  -4.9368e-11  -3.8287e-06   0.0000e+00
 661  -1.2165e-07  -4.7132e-06   0.0000e+00
 662  -1.1846e-07  -4.4103e-06   0.0000e+00
 663  -4.9368e-11  -4.4101e-06   0.0000e+00
 664  -1.2775e-07  -5.3423e-06   0.0000e+00
 665  -1.2474e-07  -5.0240e-06   0.0000e+00
 666  -4.9368e-11  -5.0238e-06   0.0000e+00
 667  -1.3350e-07  -6.0011e-06   0.0000e+00
 668  -1.3067e-07  -5.6681e-06   0.0000e+00
 669  -4.9368e-11  -5.6680e-06   0.0000e+00
 670  -1.3891e-07  -6.6878e-06   0.0000e+00
 671  -1.3625e-07  -6.3411e-06   0.0000e+00
 672  -4.9368e-11  -6.3409e-06   0.0000e+00
 673  -1.4397e-07  -7.4007e-06   0.0000e+00
 674  -1.4148e-07  -7.0411e-06   0.0000e+00
 675  -4.9368e-11  -7.0409e-06   0.0000e+00
 676  -1.4867e-07  -8.1380e-06   0.0000e+00
 677  -1.4636e-07  -7.7664e-06   0.0000e+00
 678  -4.9368e-11  -7.7662e-06   0.0000e+00
 679  -1.5303e-07  -8.8979e-06   0.0000e+00
 680  -1.5090e-07  -8.5152e-06   0.0000e+00
 681  -4.9368e-11  -8.5151e-06   0.0000e+00
 682  -1.5705e-07  -9.6788e-06   0.0000e+00
 683  -1.5508e-07  -9.2858e-06   0.0000e+00
 684  -4.9368e-11  -9.2857e-06   0.0000e+00
 685  -1.6071e-07  -1.0479e-05   0.0000e+00
 686  -1.5892e-07  -1.0076e-05   0.0000e+00
 687  -4.9368e-11  -1.0076e-05   0.0000e+00
 688  -1.6402e-07  -1.1296e-05   0.0000e+00
 689  -1.6241e-07  -1.0885e-05   0.0000e+00
 690  -4.9368e-11  -1.0885e-05   0.0000e+00
 691  -1.6699e-07  -1.2129e-05   0.0000e+00
 692  -1.6555e-07  -1.1711e-05   0.0000e+00
 693  -4.9369e-11  -1.1711e-05   0.0000e+00
 694  -1.6960e-07  -1.2977e-05   0.0000e+00
 695  -1.6834e-07  -1.2551e-05   0.0000e+00
 696  -4.9370e-11  -1.2551e-05   0.0000e+00
 697  -1.7187e-07  -1.3836e-05   0.0000e+00
 698  -1.7078e-07  -1.3405e-05   0.0000e+00
 699  -4.9372e-11  -1.3405e-05   0.0000e+00
 700  -1.7379e-07  -1.4706e-05   0.0000e+00
 701  -1.7287e-07  -1.4270e-05   0.0000e+00
 702  -4.9370e-11  -1.4270e-05   0.0000e+00
 703  -1.7536e-07  -1.5584e-05   0.0000e+00
 704  -1.7461e-07  -1.5144e-05   0.0000e+00
 705  -4.9329e-11  -1.5144e-05   0.0000e+00
 706  -1.7658e-07  -1.6470e-05   0.0000e+00
 707  -1.7601e-07  -1.6026e-05   0.0000e+00
 708  -4.9124e-11  -1.6026e-05   0.0000e+00
 709  -1.7744e-07  -1.7360e-05   0.0000e+00
 710  -1.7705e-07  -1.6915e-05   0.0000e+00
 711  -4.8376e-11  -1.6915e-05   0.0000e+00
 712  -1.7792e-07  -1.8255e-05   0.0000e+00
 713  -1.7773e-07  -1.7807e-05   0.0000e+00
 714  -4.8488e-11  -1.7807e-05   0.0000e+00
 715  -1.7807e-07  -1.9150e-05   0.0000e+00
 716  -1.7802e-07  -1.8703e-05   0.0000e+00
 717  -6.2533e-11  -1.8703e-05   0.0000e+00
 718   1.0289e-08  -2.5282e-08   0.0000e+00
 719   4.9818e-09  -4.2866e-09   0.0000e+00
 720   9.9517e-09  -4.8887e-09   0.0000e+00
 721   0.0000e+00   0.0000e+00   0.0000e+00
 722   2.1036e-08  -1.1045e-07   0.0000e+00
 723   1.5706e-08  -6.1171e-08   0.0000e+00
 724   3.1508e-08  -6.2135e-08   0.0000e+00
 725   3.1377e-08  -2.4791e-07   0.0000e+00
 726   2.6259e-08  -1.7277e-07   0.0000e+00
 727   5.2622e-08  -1.7370e-07   0.0000e+00
 728   4.1327e-08  -4.3587e-07   0.0000e+00
 729   3.6398e-08  -3.3568e-07   0.0000e+00
 730   7.2882e-08  -3.3658e-07   0.0000e+00
 731   5.0920e-08  -6.7265e-07   0.0000e+00
 732   4.6167e-08  -5.4827e-07   0.0000e+00
 733   9.2417e-08  -5.4913e-07   0.0000e+00
 734   6.0162e-08  -9.5651e-07   0.0000e+00
 735   5.5585e-08  -8.0880e-07   0.0000e+00
 736   1.1125e-07  -8.0964e-07   0.0000e+00
 737   6.9056e-08  -1.2857e-06   0.0000e+00
 738   6.4653e-08  -1.1156e-06   0.0000e+00
 739   1.2939e-07  -1.1164e-06   0.0000e+00
 740   7.7601e-08  -1.6585e-06   0.0000e+00
 741   7.3372e-08  -1.4668e-06   0.0000e+00
 742   1.4683e-07  -1.4675e-06   0.0000e+00
 743   8.5797e-08  -2.0732e-06   0.0000e+00
 744   8.1743e-08  -1.8607e-06   0.0000e+00
 745   1.6357e-07  -1.8615e-06   0.0000e+00
 746   9.3644e-08  -2.5279e-06   0.0000e+00
 747   8.9764e-08  -2.2956e-06   0.0000e+00
 748   1.7961e-07  -2.2964e-06   0.0000e+00
 749   1.0114e-07  -3.0211e-06   0.0000e+00
 750   9.7437e-08  -2.7698e-06   0.0000e+00
 751   1.9496e-07  -2.7705e-06   0.0000e+00
 752   1.0829e-07  -3.5508e-06   0.0000e+00
 753   1.0476e-07  -3.2815e-06   0.0000e+00
 754   2.0960e-07  -3.2821e-06   0.0000e+00
 755   1.1509e-07  -4.1154e-06   0.0000e+00
 756   1.1174e-07  -3.8289e-06   0.0000e+00
 757   2.2356e-07  -3.8295e-06   0.0000e+00
 758   1.2155e-07  -4.7132e-06   0.0000e+00
 759   1.1836e-07  -4.4103e-06   0.0000e+00
 760   2.3681e-07  -4.4109e-06   0.0000e+00
 761   1.2765e-07  -5.3423e-06   0.0000e+00
 762   1.2464e-07  -5.0240e-06   0.0000e+00
 763   2.4936e-07  -5.0245e-06   0.0000e+00
 764   1.3340e-07  -6.0011e-06   0.0000e+00
 765   1.3057e-07  -5.6681e-06   0.0000e+00
 766   2.6122e-07  -5.6687e-06   0.0000e+00
 767   1.3881e-07  -6.6878e-06   0.0000e+00
 768   1.3615e-07  -6.3411e-06   0.0000e+00
 769   2.7238e-07  -6.3416e-06   0.0000e+00
 770   1.4387e-07  -7.4007e-06   0.0000e+00
 771   1.4138e-07  -7.0411e-06   0.0000e+00
 772   2.8285e-07  -7.0416e-06   0.0000e+00
 773   1.4858e-07  -8.1380e-06   0.0000e+00
 774   1.4627e-07  -7.7664e-06   0.0000e+00
 775   2.9261e-07  -7.7668e-06   0.0000e+00
 776   1.5294e-07  -8.8979e-06   0.0000e+00
 777   1.5080e-07  -8.5152e-06   0.0000e+00
 778   3.0168e-07  -8.5156e-06   0.0000e+00
 779   1.5695e-07  -9.6788e-06   0.0000e+00
 780   1.5498e-07  -9.2858e-06   0.0000e+00
 781   3.1005e-07  -9.2862e-06   0.0000e+00
 782   1.6061e-07  -1.0479e-05   0.0000e+00
 783   1.5882e-07  -1.0076e-05   0.0000e+00
 784   3.1772e-07  -1.0077e-05   0.0000e+00
 785   1.6392e-07  -1.1296e-05   0.0000e+00
 786   1.6231e-07  -1.0885e-05   0.0000e+00
 787   3.2470e-07  -1.0886e-05   0.0000e+00
 788   1.6689e-07  -1.2129e-05   0.0000e+00
 789   1.6545e-07  -1.1711e-05   0.0000e+00
 790   3.3098e-07  -1.1711e-05   0.0000e+00
 791   1.6950e-07  -1.2977e-05   0.0000e+00
 792   1.6824e-07  -1.2551e-05   0.0000e+00
 793   3.3656e-07  -1.2552e-05   0.0000e+00
 794   1.7177e-07  -1.3836e-05   0.0000e+00
 795   1.7068e-07  -1.3405e-05   0.0000e+00
 796   3.4144e-07  -1.3405e-05   0.0000e+00
 797   1.7369e-07  -1.4706e-05   0.0000e+00
 798   1.7277e-07  -1.4270e-05   0.0000e+00
 799   3.4563e-07  -1.4270e-05   0.0000e+00
 800   1.7526e-07  -1.5584e-05   0.0000e+00
 801   1.7452e-07  -1.5144e-05   0.0000e+00
 802   3.4911e-07  -1.5144e-05   0.0000e+00
 803   1.7648e-07  -1.6470e-05   0.0000e+00
 804   1.7591e-07  -1.6026e-05   0.0000e+00
 805   3.5190e-07  -1.6026e-05   0.0000e+00
 806   1.7734e-07  -1.7360e-05   0.0000e+00
 807   1.7696e-07  -1.6915e-05   0.0000e+00
 808   3.5399e-07  -1.6915e-05   0.0000e+00
 809   1.7782e-07  -1.8255e-05   0.0000e+00
 810   1.7763e-07  -1.7807e-05   0.0000e+00
 811   3.5536e-07  -1.7807e-05   0.0000e+00
 812   1.7798e-07  -1.9150e-05   0.0000e+00
 813   1.7790e-07  -1.8703e-05   0.0000e+00
 814   3.5591e-07  -1.8703e-05   0.0000e+00
 815   3.1128e-08  -2.7700e-08   0.0000e+00
 816   1.4997e-08  -5.9275e-09   0.0000e+00
 817   2.0147e-08  -7.4494e-09   0.0000e+00
 818   0.0000e+00   0.0000e+00   0.0000e+00
 819   6.3422e-08  -1.1301e-07   0.0000e+00
 820   4.7426e-08  -6.3755e-08   0.0000e+00
 821   6.3499e-08  -6.6031e-08   0.0000e+00
 822   9.4385e-08  -2.5035e-07   0.0000e+00
 823   7.9058e-08  -1.7526e-07   0.0000e+00
 824   1.0560e-07  -1.7744e-07   0.0000e+00
 825   1.2421e-07  -4.3822e-07   0.0000e+00
 826   1.0943e-07  -3.3807e-07   0.0000e+00
 827   1.4608e-07  -3.4016e-07   0.0000e+00
 828   1.5299e-07  -6.7491e-07   0.0000e+00
 829   1.3873e-07  -5.5057e-07   0.0000e+00
 830   1.8514e-07  -5.5258e-07   0.0000e+00
 831   1.8071e-07  -9.5869e-07   0.0000e+00
 832   1.6698e-07  -8.1102e-07   0.0000e+00
 833   2.2281e-07  -8.1296e-07   0.0000e+00
 834   2.0740e-07  -1.2878e-06   0.0000e+00
 835   1.9419e-07  -1.1177e-06   0.0000e+00
 836   2.5908e-07  -1.1196e-06   0.0000e+00
 837   2.3303e-07  -1.6605e-06   0.0000e+00
 838   2.2034e-07  -1.4688e-06   0.0000e+00
 839   2.9396e-07  -1.4706e-06   0.0000e+00
 840   2.5762e-07  -2.0751e-06   0.0000e+00
 841   2.4545e-07  -1.8627e-06   0.0000e+00
 842   3.2744e-07  -1.8644e-06   0.0000e+00
 843   2.8116e-07  -2.5298e-06   0.0000e+00
 844   2.6952e-07  -2.2975e-06   0.0000e+00
 845   3.5953e-07  -2.2992e-06   0.0000e+00
 846   3.0366e-07  -3.0228e-06   0.0000e+00
 847   2.9254e-07  -2.7716e-06   0.0000e+00
 848   3.9022e-07  -2.7732e-06   0.0000e+00
 849   3.2511e-07  -3.5525e-06   0.0000e+00
 850   3.1451e-07  -3.2832e-06   0.0000e+00
 851   4.1952e-07  -3.2847e-06   0.0000e+00
 852   3.4551e-07  -4.1170e-06   0.0000e+00
 853   3.3544e-07  -3.8305e-06   0.0000e+00
 854   4.4742e-07  -3.8319e-06   0.0000e+00
 855   3.6487e-07  -4.7147e-06   0.0000e+00
 856   3.5532e-07  -4.4118e-06   0.0000e+00
 857   4.7392e-07  -4.4132e-06   0.0000e+00
 858   3.8318e-07  -5.3438e-06   0.0000e+00
 859   3.7415e-07  -5.0254e-06   0.0000e+00
 860   4.9904e-07  -5.0267e-06   0.0000e+00
 861   4.0044e-07  -6.0025e-06   0.0000e+00
 862   3.9194e-07  -5.6695e-06   0.0000e+00
 863   5.2275e-07  -5.6707e-06   0.0000e+00
 864   4.1666e-07  -6.6891e-06   0.0000e+00
 865   4.0868e-07  -6.3424e-06   0.0000e+00
 866   5.4507e-07  -6.3435e-06   0.0000e+00
 867   4.3183e-07  -7.4019e-06   0.0000e+00
 868   4.2437e-07  -7.0423e-06   0.0000e+00
 869   5.6600e-07  -7.0434e-06   0.0000e+00
 870   4.4596e-07  -8.1390e-06   0.0000e+00
 871   4.3902e-07  -7.7675e-06   0.0000e+00
 872   5.8553e-07  -7.7685e-06   0.0000e+00
 873   4.5903e-07  -8.8989e-06   0.0000e+00
 874   4.5263e-07  -8.5162e-06   0.0000e+00
 875   6.0367e-07  -8.5172e-06   0.0000e+00
 876   4.7107e-07  -9.6797e-06   0.0000e+00
 877   4.6518e-07  -9.2868e-06   0.0000e+00
 878   6.2041e-07  -9.2876e-06   0.0000e+00
 879   4.8205e-07  -1.0480e-05   0.0000e+00
 880   4.7669e-07  -1.0077e-05   0.0000e+00
 881   6.3575e-07  -1.0078e-05   0.0000e+00
 882   4.9199e-07  -1.1297e-05   0.0000e+00
 883   4.8715e-07  -1.0886e-05   0.0000e+00
 884   6.4970e-07  -1.0887e-05   0.0000e+00
 885   5.0089e-07  -1.2130e-05   0.0000e+00
 886   4.9657e-07  -1.1712e-05   0.0000e+00
 887   6.6226e-07  -1.1712e-05   0.0000e+00
 888   5.0873e-07  -1.2977e-05   0.0000e+00
 889   5.0494e-07  -1.2552e-05   0.0000e+00
 890   6.7342e-07  -1.2553e-05   0.0000e+00
 891   5.1554e-07  -1.3836e-05   0.0000e+00
 892   5.1227e-07  -1.3405e-05   0.0000e+00
 893   6.8319e-07  -1.3406e-05   0.0000e+00
 894   5.2129e-07  -1.4706e-05   0.0000e+00
 895   5.1854e-07  -1.4270e-05   0.0000e+00
 896   6.9156e-07  -1.4271e-05   0.0000e+00
 897   5.2600e-07  -1.5585e-05   0.0000e+00
 898   5.2378e-07  -1.5144e-05   0.0000e+00
 899   6.9853e-07  -1.5145e-05   0.0000e+00
 900   5.2966e-07  -1.6470e-05   0.0000e+00
 901   5.2796e-07  -1.6027e-05   0.0000e+00
 902   7.0411e-07  -1.6027e-05   0.0000e+00
 903   5.3226e-07  -1.7361e-05   0.0000e+00
 904   5.3110e-07  -1.6915e-05   0.0000e+00
 905   7.0830e-07  -1.6915e-05   0.0000e+00
 906   5.3373e-07  -1.8255e-05   0.0000e+00
 907   5.3315e-07  -1.7807e-05   0.0000e+00
 908   7.1105e-07  -1.7807e-05   0.0000e+00
 909   5.3421e-07  -1.9151e-05   0.0000e+00
 910   5.3401e-07  -1.8703e-05   0.0000e+00
 911   7.1226e-07  -1.8703e-05   0.0000e+00
 912   5.2698e-08  -3.2759e-08   0.0000e+00
 913   2.5490e-08  -9.5285e-09   0.0000e+00
 914   3.1135e-08  -1.2268e-08   0.0000e+00
 915   0.0000e+00   0.0000e+00   0.0000e+00
 916   1.0631e-07  -1.1812e-07   0.0000e+00
 917   7.9788e-08  -6.8960e-08   0.0000e+00
 918   9.6315e-08  -7.2534e-08   0.0000e+00
 919   1.5778e-07  -2.5522e-07   0.0000e+00
 920   1.3228e-07  -1.8023e-07   0.0000e+00
 921   1.5911e-07  -1.8363e-07   0.0000e+00
 922   2.0748e-07  -4.4291e-07   0.0000e+00
 923   1.8285e-07  -3.4284e-07   0.0000e+00
 924   2.1978e-07  -3.4612e-07   0.0000e+00
 925   2.5544e-07  -6.7943e-07   0.0000e+00
 926   2.3168e-07  -5.5517e-07   0.0000e+00
 927   2.7838e-07  -5.5833e-07   0.0000e+00
 928   3.0165e-07  -9.6305e-07   0.0000e+00
 929   2.7876e-07  -8.1546e-07   0.0000e+00
 930   3.3488e-07  -8.1851e-07   0.0000e+00
 931   3.4612e-07  -1.2920e-06   0.0000e+00
 932   3.2410e-07  -1.1220e-06   0.0000e+00
 933   3.8929e-07  -1.1249e-06   0.0000e+00
 934   3.8884e-07  -1.6645e-06   0.0000e+00
 935   3.6770e-07  -1.4729e-06   0.0000e+00
 936   4.4160e-07  -1.4757e-06   0.0000e+00
 937   4.2983e-07  -2.0790e-06   0.0000e+00
 938   4.0955e-07  -1.8666e-06   0.0000e+00
 939   4.9182e-07  -1.8693e-06   0.0000e+00
 940   4.6906e-07  -2.5335e-06   0.0000e+00
 941   4.4966e-07  -2.3013e-06   0.0000e+00
 942   5.3996e-07  -2.3039e-06   0.0000e+00
 943   5.0655e-07  -3.0263e-06   0.0000e+00
 944   4.8803e-07  -2.7752e-06   0.0000e+00
 945   5.8599e-07  -2.7777e-06   0.0000e+00
 946   5.4230e-07  -3.5558e-06   0.0000e+00
 947   5.2465e-07  -3.2866e-06   0.0000e+00
 948   6.2994e-07  -3.2890e-06   0.0000e+00
 949   5.7631e-07  -4.1202e-06   0.0000e+00
 950   5.5952e-07  -3.8338e-06   0.0000e+00
 951   6.7179e-07  -3.8360e-06   0.0000e+00
 952   6.0857e-07  -4.7177e-06   0.0000e+00
 953   5.9266e-07  -4.4149e-06   0.0000e+00
 954   7.1155e-07  -4.4171e-06   0.0000e+00
 955   6.3909e-07  -5.3466e-06   0.0000e+00
 956   6.2405e-07  -5.0283e-06   0.0000e+00
 957   7.4922e-07  -5.0304e-06   0.0000e+00
 958   6.6786e-07  -6.0052e-06   0.0000e+00
 959   6.5369e-07  -5.6723e-06   0.0000e+00
 960   7.8479e-07  -5.6742e-06   0.0000e+00
 961   6.9489e-07  -6.6916e-06   0.0000e+00
 962   6.8159e-07  -6.3450e-06   0.0000e+00
 963   8.1828e-07  -6.3468e-06   0.0000e+00
 964   7.2018e-07  -7.4042e-06   0.0000e+00
 965   7.0775e-07  -7.0447e-06   0.0000e+00
 966   8.4967e-07  -7.0464e-06   0.0000e+00
 967   7.4372e-07  -8.1412e-06   0.0000e+00
 968   7.3217e-07  -7.7698e-06   0.0000e+00
 969   8.7896e-07  -7.7713e-06   0.0000e+00
 970   7.6552e-07  -8.9009e-06   0.0000e+00
 971   7.5484e-07  -8.5183e-06   0.0000e+00
 972   9.0617e-07  -8.5198e-06   0.0000e+00
 973   7.8557e-07  -9.6815e-06   0.0000e+00
 974   7.7576e-07  -9.2887e-06   0.0000e+00
 975   9.3128e-07  -9.2900e-06   0.0000e+00
 976   8.0388e-07  -1.0481e-05   0.0000e+00
 977   7.9495e-07  -1.0079e-05   0.0000e+00
 978   9.5430e-07  -1.0080e-05   0.0000e+00
 979   8.2045e-07  -1.1299e-05   0.0000e+00
 980   8.1238e-07  -1.0888e-05   0.0000e+00
 981   9.7522e-07  -1.0889e-05   0.0000e+00
 982   8.3527e-07  -1.2131e-05   0.0000e+00
 983   8.2808e-07  -1.1713e-05   0.0000e+00
 984   9.9406e-07  -1.1714e-05   0.0000e+00
 985   8.4835e-07  -1.2978e-05   0.0000e+00
 986   8.4203e-07  -1.2553e-05   0.0000e+00
 987   1.0108e-06  -1.2554e-05   0.0000e+00
 988   8.5969e-07  -1.3837e-05   0.0000e+00
 989   8.5424e-07  -1.3406e-05   0.0000e+00
 990   1.0254e-06  -1.3407e-05   0.0000e+00
 991   8.6928e-07  -1.4707e-05   0.0000e+00
 992   8.6470e-07  -1.4271e-05   0.0000e+00
 993   1.0380e-06  -1.4272e-05   0.0000e+00
 994   8.7713e-07  -1.5585e-05   0.0000e+00
 995   8.7342e-07  -1.5145e-05   0.0000e+00
 996   1.0485e-06  -1.5146e-05   0.0000e+00
 997   8.8323e-07  -1.6471e-05   0.0000e+00
 998   8.8039e-07  -1.6027e-05   0.0000e+00
 999   1.0568e-06  -1.6028e-05   0.0000e+00
1000   8.8758e-07  -1.7361e-05   0.0000e+00
1001   8.8563e-07  -1.6915e-05   0.0000e+00
1002   1.0631e-06  -1.6915e-05   0.0000e+00
1003   8.9014e-07  -1.8255e-05   0.0000e+00
1004   8.8909e-07  -1.7808e-05   0.0000e+00
1005   1.0673e-06  -1.7808e-05   0.0000e+00
1006   8.9098e-07  -1.9151e-05   0.0000e+00
1007   8.9069e-07  -1.8703e-05   0.0000e+00
1008   1.0694e-06  -1.8703e-05   0.0000e+00
1009   7.5662e-08  -4.0678e-08   0.0000e+00
1010   3.7317e-08  -1.5795e-08   0.0000e+00
1011   4.4541e-08  -2.0278e-08   0.0000e+00
1012   0.0000e+00   0.0000e+00   0.0000e+00
1013   1.4988e-07  -1.2568e-07   0.0000e+00
1014   1.1309e-07  -7.6732e-08   0.0000e+00
1015   1.3006e-07  -8.1528e-08   0.0000e+00
1016   2.2183e-07  -2.6250e-07   0.0000e+00
1017   1.8613e-07  -1.8764e-07   0.0000e+00
1018   2.1335e-07  -1.9226e-07   0.0000e+00
1019   2.9140e-07  -4.4995e-07   0.0000e+00
1020   2.5691e-07  -3.5000e-07   0.0000e+00
1021   2.9425e-07  -3.5447e-07   0.0000e+00
1022   3.5854e-07  -6.8622e-07   0.0000e+00
1023   3.2527e-07  -5.6207e-07   0.0000e+00
1024   3.7237e-07  -5.6639e-07   0.0000e+00
1025   4.2324e-07  -9.6958e-07   0.0000e+00
1026   3.9118e-07  -8.2211e-07   0.0000e+00
1027   4.4771e-07  -8.2627e-07   0.0000e+00
1028   4.8549e-07  -1.2983e-06   0.0000e+00
1029   4.5466e-07  -1.1284e-06   0.0000e+00
1030   5.2025e-07  -1.1324e-06   0.0000e+00
1031   5.4531e-07  -1.6706e-06   0.0000e+00
1032   5.1570e-07  -1.4791e-06   0.0000e+00
1033   5.9001e-07  -1.4829e-06   0.0000e+00
1034   6.0268e-07  -2.0847e-06   0.0000e+00
1035   5.7429e-07  -1.8725e-06   0.0000e+00
1036   6.5697e-07  -1.8762e-06   0.0000e+00
1037   6.5761e-07  -2.5390e-06   0.0000e+00
1038   6.3044e-07  -2.3069e-06   0.0000e+00
1039   7.2115e-07  -2.3105e-06   0.0000e+00
1040   7.1010e-07  -3.0316e-06   0.0000e+00
1041   6.8415e-07  -2.7806e-06   0.0000e+00
1042   7.8253e-07  -2.7840e-06   0.0000e+00
1043   7.6015e-07  -3.5609e-06   0.0000e+00
1044   7.3542e-07  -3.2918e-06   0.0000e+00
1045   8.4112e-07  -3.2950e-06   0.0000e+00
1046   8.0776e-07  -4.1250e-06   0.0000e+00
1047   7.8425e-07  -3.8387e-06   0.0000e+00
1048   8.9693e-07  -3.8417e-06   0.0000e+00
1049   8.5292e-07  -4.7222e-06   0.0000e+00
1050   8.3064e-07  -4.4196e-06   0.0000e+00
1051   9.4994e-07  -4.4225e-06   0.0000e+00
1052   8.9565e-07  -5.3509e-06   0.0000e+00
1053   8.7458e-07  -5.0327e-06   0.0000e+00
1054   1.0002e-06  -5.0355e-06   0.0000e+00
1055   9.3593e-07  -6.0092e-06   0.0000e+00
1056   9.1609e-07  -5.6764e-06   0.0000e+00
1057   1.0476e-06  -5.6790e-06   0.0000e+00
1058   9.7377e-07  -6.6954e-06   0.0000e+00
1059   9.5515e-07  -6.3489e-06   0.0000e+00
1060   1.0922e-06  -6.3513e-06   0.0000e+00
1061   1.0092e-06  -7.4077e-06   0.0000e+00
1062   9.9177e-07  -7.0484e-06   0.0000e+00
1063   1.1341e-06  -7.0506e-06   0.0000e+00
1064   1.0421e-06  -8.1445e-06   0.0000e+00
1065   1.0260e-06  -7.7732e-06   0.0000e+00
1066   1.1732e-06  -7.7753e-06   0.0000e+00
1067   1.0726e-06  -8.9039e-06   0.0000e+00
1068   1.0577e-06  -8.5215e-06   0.0000e+00
1069   1.2094e-06  -8.5234e-06   0.0000e+00
1070   1.1007e-06  -9.6843e-06   0.0000e+00
1071   1.0870e-06  -9.2916e-06   0.0000e+00
1072   1.2429e-06  -9.2934e-06   0.0000e+00
1073   1.1264e-06  -1.0484e-05   0.0000e+00
1074   1.1138e-06  -1.0082e-05   0.0000e+00
1075   1.2736e-06  -1.0083e-05   0.0000e+00
1076   1.1496e-06  -1.1301e-05   0.0000e+00
1077   1.1383e-06  -1.0890e-05   0.0000e+00
1078   1.3015e-06  -1.0892e-05   0.0000e+00
1079   1.1703e-06  -1.2133e-05   0.0000e+00
1080   1.1602e-06  -1.1715e-05   0.0000e+00
1081   1.3266e-06  -1.1717e-05   0.0000e+00
1082   1.1886e-06  -1.2980e-05   0.0000e+00
1083   1.1798e-06  -1.2555e-05   0.0000e+00
1084   1.3489e-06  -1.2556e-05   0.0000e+00
1085   1.2045e-06  -1.3839e-05   0.0000e+00
1086   1.1968e-06  -1.3408e-05   0.0000e+00
1087   1.3685e-06  -1.3409e-05   0.0000e+00
1088   1.2179e-06  -1.4708e-05   0.0000e+00
1089   1.2115e-06  -1.4272e-05   0.0000e+00
1090   1.3852e-06  -1.4273e-05   0.0000e+00
1091   1.2289e-06  -1.5586e-05   0.0000e+00
1092   1.2237e-06  -1.5146e-05   0.0000e+00
1093   1.3992e-06  -1.5147e-05   0.0000e+00
1094   1.2374e-06  -1.6471e-05   0.0000e+00
1095   1.2335e-06  -1.6028e-05   0.0000e+00
1096   1.4103e-06  -1.6029e-05   0.0000e+00
1097   1.2436e-06  -1.7361e-05   0.0000e+00
1098   1.2408e-06  -1.6916e-05   0.0000e+00
1099   1.4187e-06  -1.6916e-05   0.0000e+00
1100   1.2473e-06  -1.8255e-05   0.0000e+00
1101   1.2457e-06  -1.7808e-05   0.0000e+00
1102   1.4243e-06  -1.7808e-05   0.0000e+00
1103   1.2487e-06  -1.9152e-05   0.0000e+00
1104   1.2483e-06  -1.8703e-05   0.0000e+00
1105   1.4275e-06  -1.8703e-05   0.0000e+00

Element Stresses:
=================
Elem     SigmaX       SigmaY       TauXY
----  -----------  -----------  -----------
   1   0.0000e+00   0.0000e+00   0.0000e+00
   2   0.0000e+00   0.0000e+00   0.0000e+00
   3   0.0000e+00   0.0000e+00   0.0000e+00
   4   0.0000e+00   0.0000e+00   0.0000e+00
   5   0.0000e+00   0.0000e+00   0.0000e+00
   6   0.0000e+00   0.0000e+00   0.0000e+00
   7   0.0000e+00   0.0000e+00   0.0000e+00
   8   0.0000e+00   0.0000e+00   0.0000e+00
   9   0.0000e+00   0.0000e+00   0.0000e+00
  10   0.0000e+00   0.0000e+00   0.0000e+00
  11   0.0000e+00   0.0000e+00   0.0000e+00
  12   0.0000e+00   0.0000e+00   0.0000e+00
  13   0.0000e+00   0.0000e+00   0.0000e+00
  14   0.0000e+00   0.0000e+00   0.0000e+00
  15   0.0000e+00   0.0000e+00   0.0000e+00
  16   0.0000e+00   0.0000e+00   0.0000e+00
  17   0.0000e+00   0.0000e+00   0.0000e+00
  18   0.0000e+00   0.0000e+00   0.0000e+00
  19   0.0000e+00   0.0000e+00   0.0000e+00
  20   0.0000e+00   0.0000e+00   0.0000e+00
  21   0.0000e+00   0.0000e+00   0.0000e+00
  22   0.0000e+00   0.0000e+00   0.0000e+00
  23   0.0000e+00   0.0000e+00   0.0000e+00
  24   0.0000e+00   0.0000e+00   0.0000e+00
  25   0.0000e+00   0.0000e+00   0.0000e+00
  26   0.0000e+00   0.0000e+00   0.0000e+00
  27   0.0000e+00   0.0000e+00   0.0000e+00
  28   0.0000e+00   0.0000e+00   0.0000e+00
  29   0.0000e+00   0.0000e+00   0.0000e+00
  30   0.0000e+00   0.0000e+00   0.0000e+00
  31   0.0000e+00   0.0000e+00   0.0000e+00
  32   0.0000e+00   0.0000e+00   0.0000e+00
  33   0.0000e+00   0.0000e+00   0.0000e+00
  34   0.0000e+00   0.0000e+00   0.0000e+00
  35   0.0000e+00   0.0000e+00   0.0000e+00
  36   0.0000e+00   0.0000e+00   0.0000e+00
  37   0.0000e+00   0.0000e+00   0.0000e+00
  38   0.0000e+00   0.0000e+00   0.0000e+00
  39   0.0000e+00   0.0000e+00   0.0000e+00
  40   0.0000e+00   0.0000e+00   0.0000e+00
  41   0.0000e+00   0.0000e+00   0.0000e+00
  42   0.0000e+00   0.0000e+00   0.0000e+00
  43   0.0000e+00   0.0000e+00   0.0000e+00
  44   0.0000e+00   0.0000e+00   0.0000e+00
  45   0.0000e+00   0.0000e+00   0.0000e+00
  46   0.0000e+00   0.0000e+00   0.0000e+00
  47   0.0000e+00   0.0000e+00   0.0000e+00
  48   0.0000e+00   0.0000e+00   0.0000e+00
  49   0.0000e+00   0.0000e+00   0.0000e+00
  50   0.0000e+00   0.0000e+00   0.0000e+00
  51   0.0000e+00   0.0000e+00   0.0000e+00
  52   0.0000e+00   0.0000e+00   0.0000e+00
  53   0.0000e+00   0.0000e+00   0.0000e+00
  54   0.0000e+00   0.0000e+00   0.0000e+00
  55   0.0000e+00   0.0000e+00   0.0000e+00
  56   0.0000e+00   0.0000e+00   0.0000e+00
  57   0.0000e+00   0.0000e+00   0.0000e+00
  58   0.0000e+00   0.0000e+00   0.0000e+00
  59   0.0000e+00   0.0000e+00   0.0000e+00
  60   0.0000e+00   0.0000e+00   0.0000e+00
  61   0.0000e+00   0.0000e+00   0.0000e+00
  62   0.0000e+00   0.0000e+00   0.0000e+00
  63   0.0000e+00   0.0000e+00   0.0000e+00
  64   0.0000e+00   0.0000e+00   0.0000e+00
  65   0.0000e+00   0.0000e+00   0.0000e+00
  66   0.0000e+00   0.0000e+00   0.0000e+00
  67   0.0000e+00   0.0000e+00   0.0000e+00
  68   0.0000e+00   0.0000e+00   0.0000e+00
  69   0.0000e+00   0.0000e+00   0.0000e+00
  70   0.0000e+00   0.0000e+00   0.0000e+00
  71   0.0000e+00   0.0000e+00   0.0000e+00
  72   0.0000e+00   0.0000e+00   0.0000e+00
  73   0.0000e+00   0.0000e+00   0.0000e+00
  74   0.0000e+00   0.0000e+00   0.0000e+00
  75   0.0000e+00   0.0000e+00   0.0000e+00
  76   0.0000e+00   0.0000e+00   0.0000e+00
  77   0.0000e+00   0.0000e+00   0.0000e+00
  78   0.0000e+00   0.0000e+00   0.0000e+00
  79   0.0000e+00   0.0000e+00   0.0000e+00
  80   0.0000e+00   0.0000e+00   0.0000e+00
  81   0.0000e+00   0.0000e+00   0.0000e+00
  82   0.0000e+00   0.0000e+00   0.0000e+00
  83   0.0000e+00   0.0000e+00   0.0000e+00
  84   0.0000e+00   0.0000e+00   0.0000e+00
  85   0.0000e+00   0.0000e+00   0.0000e+00
  86   0.0000e+00   0.0000e+00   0.0000e+00
  87   0.0000e+00   0.0000e+00   0.0000e+00
  88   0.0000e+00   0.0000e+00   0.0000e+00
  89   0.0000e+00   0.0000e+00   0.0000e+00
  90   0.0000e+00   0.0000e+00   0.0000e+00
  91   0.0000e+00   0.0000e+00   0.0000e+00
  92   0.0000e+00   0.0000e+00   0.0000e+00
  93   0.0000e+00   0.0000e+00   0.0000e+00
  94   0.0000e+00   0.0000e+00   0.0000e+00
  95   0.0000e+00   0.0000e+00   0.0000e+00
  96   0.0000e+00   0.0000e+00   0.0000e+00
  97   0.0000e+00   0.0000e+00   0.0000e+00
  98   0.0000e+00   0.0000e+00   0.0000e+00
  99   0.0000e+00   0.0000e+00   0.0000e+00
 100   0.0000e+00   0.0000e+00   0.0000e+00
 101   0.0000e+00   0.0000e+00   0.0000e+00
 102   0.0000e+00   0.0000e+00   0.0000e+00
 103   0.0000e+00   0.0000e+00   0.0000e+00
 104   0.0000e+00   0.0000e+00   0.0000e+00
 105   0.0000e+00   0.0000e+00   0.0000e+00
 106   0.0000e+00   0.0000e+00   0.0000e+00
 107   0.0000e+00   0.0000e+00   0.0000e+00
 108   0.0000e+00   0.0000e+00   0.0000e+00
 109   0.0000e+00   0.0000e+00   0.0000e+00
 110   0.0000e+00   0.0000e+00   0.0000e+00
 111   0.0000e+00   0.0000e+00   0.0000e+00
 112   0.0000e+00   0.0000e+00   0.0000e+00
 113   0.0000e+00   0.0000e+00   0.0000e+00
 114   0.0000e+00   0.0000e+00   0.0000e+00
 115   0.0000e+00   0.0000e+00   0.0000e+00
 116   0.0000e+00   0.0000e+00   0.0000e+00
 117   0.0000e+00   0.0000e+00   0.0000e+00
 118   0.0000e+00   0.0000e+00   0.0000e+00
 119   0.0000e+00   0.0000e+00   0.0000e+00
 120   0.0000e+00   0.0000e+00   0.0000e+00
 121   0.0000e+00   0.0000e+00   0.0000e+00
 122   0.0000e+00   0.0000e+00   0.0000e+00
 123   0.0000e+00   0.0000e+00   0.0000e+00
 124   0.0000e+00   0.0000e+00   0.0000e+00
 125   0.0000e+00   0.0000e+00   0.0000e+00
 126   0.0000e+00   0.0000e+00   0.0000e+00
 127   0.0000e+00   0.0000e+00   0.0000e+00
 128   0.0000e+00   0.0000e+00   0.0000e+00
 129   0.0000e+00   0.0000e+00   0.0000e+00
 130   0.0000e+00   0.0000e+00   0.0000e+00
 131   0.0000e+00   0.0000e+00   0.0000e+00
 132   0.0000e+00   0.0000e+00   0.0000e+00
 133   0.0000e+00   0.0000e+00   0.0000e+00
 134   0.0000e+00   0.0000e+00   0.0000e+00
 135   0.0000e+00   0.0000e+00   0.0000e+00
 136   0.0000e+00   0.0000e+00   0.0000e+00
 137   0.0000e+00   0.0000e+00   0.0000e+00
 138   0.0000e+00   0.0000e+00   0.0000e+00
 139   0.0000e+00   0.0000e+00   0.0000e+00
 140   0.0000e+00   0.0000e+00   0.0000e+00
 141   0.0000e+00   0.0000e+00   0.0000e+00
 142   0.0000e+00   0.0000e+00   0.0000e+00
 143   0.0000e+00   0.0000e+00   0.0000e+00
 144   0.0000e+00   0.0000e+00   0.0000e+00
 145   0.0000e+00   0.0000e+00   0.0000e+00
 146   0.0000e+00   0.0000e+00   0.0000e+00
 147   0.0000e+00   0.0000e+00   0.0000e+00
 148   0.0000e+00   0.0000e+00   0.0000e+00
 149   0.0000e+00   0.0000e+00   0.0000e+00
 150   0.0000e+00   0.0000e+00   0.0000e+00
 151   0.0000e+00   0.0000e+00   0.0000e+00
 152   0.0000e+00   0.0000e+00   0.0000e+00
 153   0.0000e+00   0.0000e+00   0.0000e+00
 154   0.0000e+00   0.0000e+00   0.0000e+00
 155   0.0000e+00   0.0000e+00   0.0000e+00
 156   0.0000e+00   0.0000e+00   0.0000e+00
 157   0.0000e+00   0.0000e+00   0.0000e+00
 158   0.0000e+00   0.0000e+00   0.0000e+00
 159   0.0000e+00   0.0000e+00   0.0000e+00
 160   0.0000e+00   0.0000e+00   0.0000e+00
 161   0.0000e+00   0.0000e+00   0.0000e+00
 162   0.0000e+00   0.0000e+00   0.0000e+00
 163   0.0000e+00   0.0000e+00   0.0000e+00
 164   0.0000e+00   0.0000e+00   0.0000e+00
 165   0.0000e+00   0.0000e+00   0.0000e+00
 166   0.0000e+00   0.0000e+00   0.0000e+00
 167   0.0000e+00   0.0000e+00   0.0000e+00
 168   0.0000e+00   0.0000e+00   0.0000e+00
 169   0.0000e+00   0.0000e+00   0.0000e+00
 170   0.0000e+00   0.0000e+00   0.0000e+00
 171   0.0000e+00   0.0000e+00   0.0000e+00
 172   0.0000e+00   0.0000e+00   0.0000e+00
 173   0.0000e+00   0.0000e+00   0.0000e+00
 174   0.0000e+00   0.0000e+00   0.0000e+00
 175   0.0000e+00   0.0000e+00   0.0000e+00
 176   0.0000e+00   0.0000e+00   0.0000e+00
 177   0.0000e+00   0.0000e+00   0.0000e+00
 178   0.0000e+00   0.0000e+00   0.0000e+00
 179   0.0000e+00   0.0000e+00   0.0000e+00
 180   0.0000e+00   0.0000e+00   0.0000e+00
 181   0.0000e+00   0.0000e+00   0.0000e+00
 182   0.0000e+00   0.0000e+00   0.0000e+00
 183   0.0000e+00   0.0000e+00   0.0000e+00
 184   0.0000e+00   0.0000e+00   0.0000e+00
 185   0.0000e+00   0.0000e+00   0.0000e+00
 186   0.0000e+00   0.0000e+00   0.0000e+00
 187   0.0000e+00   0.0000e+00   0.0000e+00
 188   0.0000e+00   0.0000e+00   0.0000e+00
 189   0.0000e+00   0.0000e+00   0.0000e+00
 190   0.0000e+00   0.0000e+00   0.0000e+00
 191   0.0000e+00   0.0000e+00   0.0000e+00
 192   0.0000e+00   0.0000e+00   0.0000e+00
 193   0.0000e+00   0.0000e+00   0.0000e+00
 194   0.0000e+00   0.0000e+00   0.0000e+00
 195   0.0000e+00   0.0000e+00   0.0000e+00
 196   0.0000e+00   0.0000e+00   0.0000e+00
 197   0.0000e+00   0.0000e+00   0.0000e+00
 198   0.0000e+00   0.0000e+00   0.0000e+00
 199   0.0000e+00   0.0000e+00   0.0000e+00
 200   0.0000e+00   0.0000e+00   0.0000e+00
 201   0.0000e+00   0.0000e+00   0.0000e+00
 202   0.0000e+00   0.0000e+00   0.0000e+00
 203   0.0000e+00   0.0000e+00   0.0000e+00
 204   0.0000e+00   0.0000e+00   0.0000e+00
 205   0.0000e+00   0.0000e+00   0.0000e+00
 206   0.0000e+00   0.0000e+00   0.0000e+00
 207   0.0000e+00   0.0000e+00   0.0000e+00
 208   0.0000e+00   0.0000e+00   0.0000e+00
 209   0.0000e+00   0.0000e+00   0.0000e+00
 210   0.0000e+00   0.0000e+00   0.0000e+00
 211   0.0000e+00   0.0000e+00   0.0000e+00
 212   0.0000e+00   0.0000e+00   0.0000e+00
 213   0.0000e+00   0.0000e+00   0.0000e+00
 214   0.0000e+00   0.0000e+00   0.0000e+00
 215   0.0000e+00   0.0000e+00   0.0000e+00
 216   0.0000e+00   0.0000e+00   0.0000e+00
 217   0.0000e+00   0.0000e+00   0.0000e+00
 218   0.0000e+00   0.0000e+00   0.0000e+00
 219   0.0000e+00   0.0000e+00   0.0000e+00
 220   0.0000e+00   0.0000e+00   0.0000e+00
 221   0.0000e+00   0.0000e+00   0.0000e+00
 222   0.0000e+00   0.0000e+00   0.0000e+00
 223   0.0000e+00   0.0000e+00   0.0000e+00
 224   0.0000e+00   0.0000e+00   0.0000e+00
 225   0.0000e+00   0.0000e+00   0.0000e+00
 226   0.0000e+00   0.0000e+00   0.0000e+00
 227   0.0000e+00   0.0000e+00   0.0000e+00
 228   0.0000e+00   0.0000e+00   0.0000e+00
 229   0.0000e+00   0.0000e+00   0.0000e+00
 230   0.0000e+00   0.0000e+00   0.0000e+00
 231   0.0000e+00   0.0000e+00   0.0000e+00
 232   0.0000e+00   0.0000e+00   0.0000e+00
 233   0.0000e+00   0.0000e+00   0.0000e+00
 234   0.0000e+00   0.0000e+00   0.0000e+00
 235   0.0000e+00   0.0000e+00   0.0000e+00
 236   0.0000e+00   0.0000e+00   0.0000e+00
 237   0.0000e+00   0.0000e+00   0.0000e+00
 238   0.0000e+00   0.0000e+00   0.0000e+00
 239   0.0000e+00   0.0000e+00   0.0000e+00
 240   0.0000e+00   0.0000e+00   0.0000e+00
 241   0.0000e+00   0.0000e+00   0.0000e+00
 242   0.0000e+00   0.0000e+00   0.0000e+00
 243   0.0000e+00   0.0000e+00   0.0000e+00
 244   0.0000e+00   0.0000e+00   0.0000e+00
 245   0.0000e+00   0.0000e+00   0.0000e+00
 246   0.0000e+00   0.0000e+00   0.0000e+00
 247   0.0000e+00   0.0000e+00   0.0000e+00
 248   0.0000e+00   0.0000e+00   0.0000e+00
 249   0.0000e+00   0.0000e+00   0.0000e+00
 250   0.0000e+00   0.0000e+00   0.0000e+00
 251   0.0000e+00   0.0000e+00   0.0000e+00
 252   0.0000e+00   0.0000e+00   0.0000e+00
 253   0.0000e+00   0.0000e+00   0.0000e+00
 254   0.0000e+00   0.0000e+00   0.0000e+00
 255   0.0000e+00   0.0000e+00   0.0000e+00
 256   0.0000e+00   0.0000e+00   0.0000e+00
 257   0.0000e+00   0.0000e+00   0.0000e+00
 258   0.0000e+00   0.0000e+00   0.0000e+00
 259   0.0000e+00   0.0000e+00   0.0000e+00
 260   0.0000e+00   0.0000e+00   0.0000e+00
 261   0.0000e+00   0.0000e+00   0.0000e+00
 262   0.0000e+00   0.0000e+00   0.0000e+00
 263   0.0000e+00   0.0000e+00   0.0000e+00
 264   0.0000e+00   0.0000e+00   0.0000e+00
 265   0.0000e+00   0.0000e+00   0.0000e+00
 266   0.0000e+00   0.0000e+00   0.0000e+00
 267   0.0000e+00   0.0000e+00   0.0000e+00
 268   0.0000e+00   0.0000e+00   0.0000e+00
 269   0.0000e+00   0.0000e+00   0.0000e+00
 270   0.0000e+00   0.0000e+00   0.0000e+00
 271   0.0000e+00   0.0000e+00   0.0000e+00
 272   0.0000e+00   0.0000e+00   0.0000e+00
 273   0.0000e+00   0.0000e+00   0.0000e+00
 274   0.0000e+00   0.0000e+00   0.0000e+00
 275   0.0000e+00   0.0000e+00   0.0000e+00
 276   0.0000e+00   0.0000e+00   0.0000e+00
 277   0.0000e+00   0.0000e+00   0.0000e+00
 278   0.0000e+00   0.0000e+00   0.0000e+00
 279   0.0000e+00   0.0000e+00   0.0000e+00
 280   0.0000e+00   0.0000e+00   0.0000e+00
 281   0.0000e+00   0.0000e+00   0.0000e+00
 282   0.0000e+00   0.0000e+00   0.0000e+00
 283   0.0000e+00   0.0000e+00   0.0000e+00
 284   0.0000e+00   0.0000e+00   0.0000e+00
 285   0.0000e+00   0.0000e+00   0.0000e+00
 286   0.0000e+00   0.0000e+00   0.0000e+00
 287   0.0000e+00   0.0000e+00   0.0000e+00
 288   0.0000e+00   0.0000e+00   0.0000e+00
 289   0.0000e+00   0.0000e+00   0.0000e+00
 290   0.0000e+00   0.0000e+00   0.0000e+00
 291   0.0000e+00   0.0000e+00   0.0000e+00
 292   0.0000e+00   0.0000e+00   0.0000e+00
 293   0.0000e+00   0.0000e+00   0.0000e+00
 294   0.0000e+00   0.0000e+00   0.0000e+00
 295   0.0000e+00   0.0000e+00   0.0000e+00
 296   0.0000e+00   0.0000e+00   0.0000e+00
 297   0.0000e+00   0.0000e+00   0.0000e+00
 298   0.0000e+00   0.0000e+00   0.0000e+00
 299   0.0000e+00   0.0000e+00   0.0000e+00
 300   0.0000e+00   0.0000e+00   0.0000e+00
 301   0.0000e+00   0.0000e+00   0.0000e+00
 302   0.0000e+00   0.0000e+00   0.0000e+00
 303   0.0000e+00   0.0000e+00   0.0000e+00
 304   0.0000e+00   0.0000e+00   0.0000e+00
 305   0.0000e+00   0.0000e+00   0.0000e+00
 306   0.0000e+00   0.0000e+00   0.0000e+00
 307   0.0000e+00   0.0000e+00   0.0000e+00
 308   0.0000e+00   0.0000e+00   0.0000e+00
 309   0.0000e+00   0.0000e+00   0.0000e+00
 310   0.0000e+00   0.0000e+00   0.0000e+00
 311   0.0000e+00   0.0000e+00   0.0000e+00
 312   0.0000e+00   0.0000e+00   0.0000e+00
 313   0.0000e+00   0.0000e+00   0.0000e+00
 314   0.0000e+00   0.0000e+00   0.0000e+00
 315   0.0000e+00   0.0000e+00   0.0000e+00
 316   0.0000e+00   0.0000e+00   0.0000e+00
 317   0.0000e+00   0.0000e+00   0.0000e+00
 318   0.0000e+00   0.0000e+00   0.0000e+00
 319   0.0000e+00   0.0000e+00   0.0000e+00
 320   0.0000e+00   0.0000e+00   0.0000e+00
 321   0.0000e+00   0.0000e+00   0.0000e+00
 322   0.0000e+00   0.0000e+00   0.0000e+00
 323   0.0000e+00   0.0000e+00   0.0000e+00
 324   0.0000e+00   0.0000e+00   0.0000e+00
 325   0.0000e+00   0.0000e+00   0.0000e+00
 326   0.0000e+00   0.0000e+00   0.0000e+00
 327   0.0000e+00   0.0000e+00   0.0000e+00
 328   0.0000e+00   0.0000e+00   0.0000e+00
 329   0.0000e+00   0.0000e+00   0.0000e+00
 330   0.0000e+00   0.0000e+00   0.0000e+00
 331   0.0000e+00   0.0000e+00   0.0000e+00
 332   0.0000e+00   0.0000e+00   0.0000e+00
 333   0.0000e+00   0.0000e+00   0.0000e+00
 334   0.0000e+00   0.0000e+00   0.0000e+00
 335   0.0000e+00   0.0000e+00   0.0000e+00
 336   0.0000e+00   0.0000e+00   0.0000e+00
 337   0.0000e+00   0.0000e+00   0.0000e+00
 338   0.0000e+00   0.0000e+00   0.0000e+00
 339   0.0000e+00   0.0000e+00   0.0000e+00
 340   0.0000e+00   0.0000e+00   0.0000e+00
 341   0.0000e+00   0.0000e+00   0.0000e+00
 342   0.0000e+00   0.0000e+00   0.0000e+00
 343   0.0000e+00   0.0000e+00   0.0000e+00
 344   0.0000e+00   0.0000e+00   0.0000e+00
 345   0.0000e+00   0.0000e+00   0.0000e+00
 346   0.0000e+00   0.0000e+00   0.0000e+00
 347   0.0000e+00   0.0000e+00   0.0000e+00
 348   0.0000e+00   0.0000e+00   0.0000e+00
 349   0.0000e+00   0.0000e+00   0.0000e+00
 350   0.0000e+00   0.0000e+00   0.0000e+00
 351   0.0000e+00   0.0000e+00   0.0000e+00
 352   0.0000e+00   0.0000e+00   0.0000e+00
 353   0.0000e+00   0.0000e+00   0.0000e+00
 354   0.0000e+00   0.0000e+00   0.0000e+00
 355   0.0000e+00   0.0000e+00   0.0000e+00
 356   0.0000e+00   0.0000e+00   0.0000e+00
 357   0.0000e+00   0.0000e+00   0.0000e+00
 358   0.0000e+00   0.0000e+00   0.0000e+00
 359   0.0000e+00   0.0000e+00   0.0000e+00
 360   0.0000e+00   0.0000e+00   0.0000e+00
 361   0.0000e+00   0.0000e+00   0.0000e+00
 362   0.0000e+00   0.0000e+00   0.0000e+00
 363   0.0000e+00   0.0000e+00   0.0000e+00
 364   0.0000e+00   0.0000e+00   0.0000e+00
 365   0.0000e+00   0.0000e+00   0.0000e+00
 366   0.0000e+00   0.0000e+00   0.0000e+00
 367   0.0000e+00   0.0000e+00   0.0000e+00
 368   0.0000e+00   0.0000e+00   0.0000e+00
 369   0.0000e+00   0.0000e+00   0.0000e+00
 370   0.0000e+00   0.0000e+00   0.0000e+00
 371   0.0000e+00   0.0000e+00   0.0000e+00
 372   0.0000e+00   0.0000e+00   0.0000e+00
 373   0.0000e+00   0.0000e+00   0.0000e+00
 374   0.0000e+00   0.0000e+00   0.0000e+00
 375   0.0000e+00   0.0000e+00   0.0000e+00
 376   0.0000e+00   0.0000e+00   0.0000e+00
 377   0.0000e+00   0.0000e+00   0.0000e+00
 378   0.0000e+00   0.0000e+00   0.0000e+00
 379   0.0000e+00   0.0000e+00   0.0000e+00
 380   0.0000e+00   0.0000e+00   0.0000e+00
 381   0.0000e+00   0.0000e+00   0.0000e+00
 382   0.0000e+00   0.0000e+00   0.0000e+00
 383   0.0000e+00   0.0000e+00   0.0000e+00
 384   0.0000e+00   0.0000e+00   0.0000e+00
 385   0.0000e+00   0.0000e+00   0.0000e+00
 386   0.0000e+00   0.0000e+00   0.0000e+00
 387   0.0000e+00   0.0000e+00   0.0000e+00
 388   0.0000e+00   0.0000e+00   0.0000e+00
 389   0.0000e+00   0.0000e+00   0.0000e+00
 390   0.0000e+00   0.0000e+00   0.0000e+00
 391   0.0000e+00   0.0000e+00   0.0000e+00
 392   0.0000e+00   0.0000e+00   0.0000e+00
 393   0.0000e+00   0.0000e+00   0.0000e+00
 394   0.0000e+00   0.0000e+00   0.0000e+00
 395   0.0000e+00   0.0000e+00   0.0000e+00
 396   0.0000e+00   0.0000e+00   0.0000e+00
 397   0.0000e+00   0.0000e+00   0.0000e+00
 398   0.0000e+00   0.0000e+00   0.0000e+00
 399   0.0000e+00   0.0000e+00   0.0000e+00
 400   0.0000e+00   0.0000e+00   0.0000e+00
 401   0.0000e+00   0.0000e+00   0.0000e+00
 402   0.0000e+00   0.0000e+00   0.0000e+00
 403   0.0000e+00   0.0000e+00   0.0000e+00
 404   0.0000e+00   0.0000e+00   0.0000e+00
 405   0.0000e+00   0.0000e+00   0.0000e+00
 406   0.0000e+00   0.0000e+00   0.0000e+00
 407   0.0000e+00   0.0000e+00   0.0000e+00
 408   0.0000e+00   0.0000e+00   0.0000e+00
 409   0.0000e+00   0.0000e+00   0.0000e+00
 410   0.0000e+00   0.0000e+00   0.0000e+00
 411   0.0000e+00   0.0000e+00   0.0000e+00
 412   0.0000e+00   0.0000e+00   0.0000e+00
 413   0.0000e+00   0.0000e+00   0.0000e+00
 414   0.0000e+00   0.0000e+00   0.0000e+00
 415   0.0000e+00   0.0000e+00   0.0000e+00
 416   0.0000e+00   0.0000e+00   0.0000e+00
 417   0.0000e+00   0.0000e+00   0.0000e+00
 418   0.0000e+00   0.0000e+00   0.0000e+00
 419   0.0000e+00   0.0000e+00   0.0000e+00
 420   0.0000e+00   0.0000e+00   0.0000e+00
 421   0.0000e+00   0.0000e+00   0.0000e+00
 422   0.0000e+00   0.0000e+00   0.0000e+00
 423   0.0000e+00   0.0000e+00   0.0000e+00
 424   0.0000e+00   0.0000e+00   0.0000e+00
 425   0.0000e+00   0.0000e+00   0.0000e+00
 426   0.0000e+00   0.0000e+00   0.0000e+00
 427   0.0000e+00   0.0000e+00   0.0000e+00
 428   0.0000e+00   0.0000e+00   0.0000e+00
 429   0.0000e+00   0.0000e+00   0.0000e+00
 430   0.0000e+00   0.0000e+00   0.0000e+00
 431   0.0000e+00   0.0000e+00   0.0000e+00
 432   0.0000e+00   0.0000e+00   0.0000e+00
 433   0.0000e+00   0.0000e+00   0.0000e+00
 434   0.0000e+00   0.0000e+00   0.0000e+00
 435   0.0000e+00   0.0000e+00   0.0000e+00
 436   0.0000e+00   0.0000e+00   0.0000e+00
 437   0.0000e+00   0.0000e+00   0.0000e+00
 438   0.0000e+00   0.0000e+00   0.0000e+00
 439   0.0000e+00   0.0000e+00   0.0000e+00
 440   0.0000e+00   0.0000e+00   0.0000e+00
 441   0.0000e+00   0.0000e+00   0.0000e+00
 442   0.0000e+00   0.0000e+00   0.0000e+00
 443   0.0000e+00   0.0000e+00   0.0000e+00
 444   0.0000e+00   0.0000e+00   0.0000e+00
 445   0.0000e+00   0.0000e+00   0.0000e+00
 446   0.0000e+00   0.0000e+00   0.0000e+00
 447   0.0000e+00   0.0000e+00   0.0000e+00
 448   0.0000e+00   0.0000e+00   0.0000e+00
 449   0.0000e+00   0.0000e+00   0.0000e+00
 450   0.0000e+00   0.0000e+00   0.0000e+00
 451   0.0000e+00   0.0000e+00   0.0000e+00
 452   0.0000e+00   0.0000e+00   0.0000e+00
 453   0.0000e+00   0.0000e+00   0.0000e+00
 454   0.0000e+00   0.0000e+00   0.0000e+00
 455   0.0000e+00   0.0000e+00   0.0000e+00
 456   0.0000e+00   0.0000e+00   0.0000e+00
 457   0.0000e+00   0.0000e+00   0.0000e+00
 458   0.0000e+00   0.0000e+00   0.0000e+00
 459   0.0000e+00   0.0000e+00   0.0000e+00
 460   0.0000e+00   0.0000e+00   0.0000e+00
 461   0.0000e+00   0.0000e+00   0.0000e+00
 462   0.0000e+00   0.0000e+00   0.0000e+00
 463   0.0000e+00   0.0000e+00   0.0000e+00
 464   0.0000e+00   0.0000e+00   0.0000e+00
 465   0.0000e+00   0.0000e+00   0.0000e+00
 466   0.0000e+00   0.0000e+00   0.0000e+00
 467   0.0000e+00   0.0000e+00   0.0000e+00
 468   0.0000e+00   0.0000e+00   0.0000e+00
 469   0.0000e+00   0.0000e+00   0.0000e+00
 470   0.0000e+00   0.0000e+00   0.0000e+00
 471   0.0000e+00   0.0000e+00   0.0000e+00
 472   0.0000e+00   0.0000e+00   0.0000e+00
 473   0.0000e+00   0.0000e+00   0.0000e+00
 474   0.0000e+00   0.0000e+00   0.0000e+00
 475   0.0000e+00   0.0000e+00   0.0000e+00
 476   0.0000e+00   0.0000e+00   0.0000e+00
 477   0.0000e+00   0.0000e+00   0.0000e+00
 478   0.0000e+00   0.0000e+00   0.0000e+00
 479   0.0000e+00   0.0000e+00   0.0000e+00
 480   0.0000e+00   0.0000e+00   0.0000e+00
 481   0.0000e+00   0.0000e+00   0.0000e+00
 482   0.0000e+00   0.0000e+00   0.0000e+00
 483   0.0000e+00   0.0000e+00   0.0000e+00
 484   0.0000e+00   0.0000e+00   0.0000e+00
 485   0.0000e+00   0.0000e+00   0.0000e+00
 486   0.0000e+00   0.0000e+00   0.0000e+00
 487   0.0000e+00   0.0000e+00   0.0000e+00
 488   0.0000e+00   0.0000e+00   0.0000e+00
 489   0.0000e+00   0.0000e+00   0.0000e+00
 490   0.0000e+00   0.0000e+00   0.0000e+00
 491   0.0000e+00   0.0000e+00   0.0000e+00
 492   0.0000e+00   0.0000e+00   0.0000e+00
 493   0.0000e+00   0.0000e+00   0.0000e+00
 494   0.0000e+00   0.0000e+00   0.0000e+00
 495   0.0000e+00   0.0000e+00   0.0000e+00
 496   0.0000e+00   0.0000e+00   0.0000e+00
 497   0.0000e+00   0.0000e+00   0.0000e+00
 498   0.0000e+00   0.0000e+00   0.0000e+00
 499   0.0000e+00   0.0000e+00   0.0000e+00
 500   0.0000e+00   0.0000e+00   0.0000e+00
 501   0.0000e+00   0.0000e+00   0.0000e+00
 502   0.0000e+00   0.0000e+00   0.0000e+00
 503   0.0000e+00   0.0000e+00   0.0000e+00
 504   0.0000e+00   0.0000e+00   0.0000e+00
 505   0.0000e+00   0.0000e+00   0.0000e+00
 506   0.0000e+00   0.0000e+00   0.0000e+00
 507   0.0000e+00   0.0000e+00   0.0000e+00
 508   0.0000e+00   0.0000e+00   0.0000e+00
 509   0.0000e+00   0.0000e+00   0.0000e+00
 510   0.0000e+00   0.0000e+00   0.0000e+00
 511   0.0000e+00   0.0000e+00   0.0000e+00
 512   0.0000e+00   0.0000e+00   0.0000e+00

Reaction Forces:
================
Node      RX           RY           RZ
----  -----------  -----------  -----------
   1   0.0000e+00   0.0000e+00   0.0000e+00
  34   0.0000e+00   0.0000e+00   0.0000e+00
  67   0.0000e+00   0.0000e+00   0.0000e+00
 100   0.0000e+00   0.0000e+00   0.0000e+00
 133   0.0000e+00   0.0000e+00   0.0000e+00
 166   0.0000e+00   0.0000e+00   0.0000e+00
 199   0.0000e+00   0.0000e+00   0.0000e+00
 232   0.0000e+00   0.0000e+00   0.0000e+00
 265   0.0000e+00   0.0000e+00   0.0000e+00
 302   0.0000e+00   0.0000e+00   0.0000e+00
 430   0.0000e+00   0.0000e+00   0.0000e+00
 527   0.0000e+00   0.0000e+00   0.0000e+00
 624   0.0000e+00   0.0000e+00   0.0000e+00
 721   0.0000e+00   0.0000e+00   0.0000e+00
 818   0.0000e+00   0.0000e+00   0.0000e+00
 915   0.0000e+00   0.0000e+00   0.0000e+00
1012   0.0000e+00   0.0000e+00   0.0000e+00

Analysis Summary:
=================
Solver Information:
  Iterations:     1061
  Final residual: 8.890229e-09
  Elapsed time:   0.000 sec
  Status:         SUCCESS

Material Properties:
  Material 1:
    Young's modulus: 2.100000e+11
    Poisson's ratio: 0.300000
    Thickness:       1.000000

